node_id,0,1,2,3,4,5,6,7,8,9,10,11,12,13,14,15,16,17,18,19,20,21,22,23,24,25,26,27,28,29,30,31,32,33,34,35,36,37,38,39,40,41,42,43,44,45,46,47,48,49,50,51,52,53,54,55,56,57,58,59,60,61,62,63,64,65,66,67,68,69,70,71,72,73,74,75,76,77,78,79,80,81,82,83,84,85,86,87,88,89,90,91,92,93,94,95,96,97,98,99
0,0.000000,73.577296,132.115106,200.420345,315.022781,364.046210,450.591847,537.637953,604.642436,646.951820,113.003444,140.356662,177.863067,262.946281,334.679329,399.537248,470.163959,536.374530,613.200068,661.668512,172.382132,179.860905,219.306167,271.217654,339.488815,436.530846,475.002917,537.169167,635.099506,689.415866,246.439016,287.426866,298.592540,310.673578,382.972992,443.291560,542.690312,574.850377,649.994316,721.691656,329.865529,322.258036,336.720067,424.364494,454.210162,491.756920,577.397934,641.321872,713.709525,763.032910,415.254945,408.607394,455.772717,451.625814,522.075690,577.498354,620.698222,665.235098,753.650424,801.745164,471.864566,490.592606,494.538861,541.966696,595.495244,609.663110,686.397061,731.498782,793.292453,837.712319,530.930352,543.133784,552.480729,614.925434,659.209964,673.774400,728.704850,794.905272,834.044720,921.364352,619.045436,614.988193,656.894386,683.159173,735.391381,734.593745,791.654630,837.532515,906.057010,966.354433,715.716120,700.521631,738.274501,731.512597,785.003800,815.808610,866.432844,891.999922,966.591846,1029.845822
1,73.577296,0.000000,64.689718,135.974089,248.462484,298.253698,385.153745,472.670490,542.300759,584.708459,117.053617,82.430151,104.293595,190.436073,262.358059,329.027938,400.180455,469.248900,546.000649,593.744860,156.810177,130.530147,154.228860,199.143281,265.973265,363.618299,402.727994,465.521444,564.497021,619.840633,211.679937,233.509950,238.570691,240.723738,310.123954,369.715515,469.196904,501.547533,577.736320,649.962433,300.591318,276.698752,279.064288,357.133784,384.464806,419.235631,504.364299,567.770477,640.326382,689.775502,377.219290,359.464988,397.435036,387.543695,453.825797,505.996570,548.622117,591.867842,680.135903,728.179277,437.548442,444.584367,438.311338,481.635417,528.478847,539.913841,614.677860,658.607240,720.049223,764.311505,493.758754,497.678693,499.485837,555.493930,595.905283,606.866709,659.264417,723.347085,761.284353,848.493606,581.690677,568.383507,605.986401,626.659931,671.927538,669.270363,722.670113,767.636738,834.128652,893.742173,674.951534,653.601714,684.938924,675.092790,723.499431,752.308530,800.402941,823.445259,895.688244,958.259184
2,132.115106,64.689718,0.000000,71.312979,184.213067,233.851388,320.733798,408.197858,477.612013,520.019644,174.475225,101.393202,61.507190,133.236262,204.040828,267.454023,338.055536,405.369737,482.179047,530.257784,201.095558,149.045222,143.191992,163.051676,217.847785,306.750900,343.930028,405.444551,502.995686,557.391585,236.488648,234.691879,229.952833,210.395283,266.810357,318.703917,415.378360,446.124230,518.732020,589.941712,325.673449,286.229725,272.222327,330.277565,351.006379,376.211322,458.209503,516.836315,585.191103,633.831843,391.423755,361.564099,385.844798,366.456738,423.113267,466.097881,506.473488,543.103787,629.586363,675.063335,454.104026,448.473418,429.050289,465.432126,499.661931,504.761146,573.440517,612.587360,671.874381,714.850345,506.455103,501.293201,493.703878,539.790048,573.492846,577.633885,624.139116,682.205303,715.608436,802.126510,593.004251,569.688957,601.613175,614.592919,648.670754,642.702015,688.319958,730.938420,791.476732,848.438751,681.744220,653.649933,676.717123,662.736814,703.176438,728.517319,771.841019,789.672322,855.992247,916.447980
3,200.420345,135.974089,71.312979,0.000000,114.698299,163.650250,250.331908,337.605049,406.391241,448.796650,242.813118,155.873820,77.456563,86.534171,148.169768,203.236121,272.141224,335.982602,412.800800,461.410168,261.426244,195.892737,165.592110,150.825265,180.122975,250.464433,283.786610,342.621842,437.440222,490.206617,281.189464,258.345185,243.869826,200.114736,233.677337,271.700124,362.257974,390.253210,456.980831,526.410731,367.070915,314.883206,285.025227,316.649487,328.073193,339.510927,415.555549,466.819814,528.765812,576.039430,420.857738,379.726428,388.355921,358.541817,401.631605,431.807106,468.579624,495.858639,579.259191,621.008629,484.439958,466.103168,432.941031,460.540834,478.970893,476.017557,535.947501,568.449899,624.474441,665.515624,532.019586,517.572461,500.003552,534.068002,559.399603,555.252945,593.921421,643.877159,671.228146,756.419314,615.929151,582.411472,607.732829,611.953717,632.648187,622.788693,658.476606,697.854768,750.557523,803.895395,698.975473,663.962045,677.687323,659.202821,690.056429,711.094674,748.397143,759.799694,818.459116,876.026084
4,315.022781,248.462484,184.213067,114.698299,0.000000,50.005228,136.793556,224.362641,295.911803,338.207513,346.631422,248.513310,163.268121,86.983812,75.180965,95.483986,159.731865,221.362598,298.192090,346.712608,352.857606,275.804437,223.287121,167.559183,139.717219,156.053709,180.093499,233.384427,324.466559,375.978031,350.478010,301.383464,275.262627,203.911795,189.246146,194.242265,267.889018,290.564232,348.003038,415.079979,426.402485,359.203042,309.258222,295.338924,289.646576,275.617646,337.017836,374.651258,426.142200,471.192952,459.502666,403.557025,387.129936,342.750372,359.998311,366.790461,396.080139,407.426026,484.752507,520.787839,521.712031,484.270385,431.084595,443.036232,434.650525,418.454814,462.130201,483.444287,533.705091,571.490172,560.075308,531.437923,498.687267,512.014483,522.875369,505.389216,530.360410,566.562466,584.356938,666.748480,637.276038,588.367164,602.332583,592.337853,590.926577,575.058675,594.153177,627.795047,667.924050,715.497731,709.183977,663.813150,662.184607,636.900740,651.675680,665.432901,692.575540,693.801234,740.160648,792.995209
5,364.046210,298.253698,233.851388,163.650250,50.005228,0.000000,86.900056,174.438484,246.070578,288.322849,396.341637,297.402685,212.521209,131.335335,92.865082,68.719745,118.571348,172.648552,249.377678,298.405761,400.948872,322.597374,267.059150,204.872246,159.764969,137.429176,149.998308,194.996792,280.236334,329.442968,394.254237,339.513452,310.898434,234.542628,201.259232,185.988854,242.848760,260.457251,308.390466,372.524169,466.879512,396.469668,341.670277,311.403186,298.145968,271.157131,321.338641,348.826476,391.643195,434.515288,493.564600,433.647716,408.505279,359.456782,364.423120,358.578504,382.791839,383.714789,455.888989,487.473967,554.638116,511.109666,451.279929,456.564050,435.948072,413.215771,446.903830,461.007974,506.990594,542.292457,589.521569,556.105358,517.962668,522.400255,526.478583,502.683598,520.072188,548.026330,559.790855,639.871630,663.654675,609.398915,618.682644,602.770815,591.185657,572.532619,582.750330,612.913318,645.424854,689.183920,730.834223,681.724016,673.711846,645.690335,652.933302,663.040035,684.838945,680.662686,719.820933,769.615355
6,450.591847,385.153745,320.733798,250.331908,136.793556,86.900056,0.000000,87.570727,161.158145,202.988637,482.017139,381.728546,297.708036,212.564228,156.712775,89.618376,70.510749,88.365686,164.079863,213.894942,483.650249,403.619520,344.460429,275.915979,214.087481,139.098274,123.613661,139.436804,205.061223,248.379201,470.275081,407.993537,376.467696,296.043025,240.359289,195.784335,213.321478,218.632808,243.002869,299.345941,537.268918,462.790783,401.940507,348.657021,324.377274,277.911157,304.507204,310.975226,334.822766,372.400779,553.741381,488.565117,450.534030,395.724445,380.780496,353.477036,367.465374,348.670030,408.795424,431.133792,612.358544,559.703961,490.432399,484.879974,444.477607,411.181886,425.838974,426.117689,463.008467,493.020215,641.308827,600.589945,554.326568,544.083302,536.651413,502.520599,506.126044,518.560698,518.963088,593.703993,709.719749,647.274715,648.709357,623.137809,594.399339,571.240356,565.598458,589.024902,607.246077,643.547770,768.466502,713.596115,694.964055,662.669470,656.926797,660.561188,672.701453,658.983172,684.756394,728.607363
7,537.637953,472.670490,408.197858,337.605049,224.362641,174.438484,87.570727,0.000000,78.357755,118.116123,569.108544,468.193795,384.714852,298.302104,237.513369,164.527650,107.542142,33.630105,83.321881,133.503953,569.006918,488.169775,427.218244,355.970736,287.250389,189.658487,155.295330,129.774858,146.264673,174.618436,551.376494,484.580076,451.544896,370.160845,302.879551,242.104715,220.532643,210.445506,198.055600,237.870771,614.069672,537.302312,473.023974,404.459586,372.715730,313.150009,315.339365,298.016348,296.060753,324.615033,622.817985,554.404881,507.080085,449.162810,418.318494,372.744097,375.760862,336.512458,379.233083,389.075581,678.981729,619.613461,543.824236,529.349878,472.581118,430.600104,425.368113,410.372608,435.312629,458.079966,702.892250,656.607550,604.223353,581.423650,563.651990,520.585274,510.319215,505.866459,493.399969,560.286978,765.895885,697.114389,691.675827,657.815396,613.515501,586.465902,564.909754,580.684223,582.790006,609.914004,816.807709,757.389794,729.383684,693.604486,675.641963,672.873170,675.076291,651.650322,662.489104,699.083141
8,604.642436,542.300759,477.612013,406.391241,295.911803,246.070578,161.158145,78.357755,0.000000,42.407798,642.399874,542.740430,458.364521,373.710303,315.077377,242.638250,184.699555,102.288079,81.031006,112.845750,644.789591,564.547685,504.460326,433.887620,365.604900,266.012847,228.701159,190.214803,162.427154,161.442174,629.191394,562.923024,529.901000,448.512626,380.151610,316.440792,280.543334,262.485552,221.784056,237.298368,692.418844,615.634706,551.133759,479.642545,445.856175,382.388522,372.936338,341.181866,317.505166,334.976390,700.533331,631.593828,581.995032,523.386067,486.869049,433.331176,430.080242,378.519319,405.357280,402.741098,756.180540,695.198289,617.576831,599.824166,536.066565,490.128114,472.827384,447.076849,461.264508,476.672506,778.802960,730.881086,676.463426,648.410239,625.577910,577.998521,559.224941,542.638022,519.755615,578.061872,839.978006,768.996705,760.659221,723.017145,670.520620,641.400777,609.611443,619.526411,608.389564,626.638859,887.730417,826.493845,794.064744,756.656769,731.866409,725.122673,720.606940,690.314960,688.842113,718.465472
9,646.951820,584.708459,520.019644,448.796650,338.207513,288.322849,202.988637,118.116123,42.407798,0.000000,684.606439,584.707238,500.483677,415.397039,355.624967,282.532087,221.525509,137.370415,92.619360,104.775867,686.413132,605.909085,545.292130,474.028416,404.244852,301.302088,261.794429,216.542360,168.385612,151.267413,669.455398,601.862422,568.455709,487.028009,416.090710,349.445146,304.115051,281.881603,227.533119,229.167404,731.246167,653.839072,588.437800,512.765296,477.104952,410.807740,393.604330,353.776808,318.568206,329.599184,736.792132,666.981894,614.591344,555.403245,514.140926,455.309000,448.071244,389.811836,407.262463,397.857595,791.473655,728.366820,648.906848,628.225048,559.358362,510.973571,486.193996,454.387480,462.322644,473.485523,812.273744,762.549566,706.234249,673.854366,647.365061,596.911302,572.798213,549.057421,520.427451,573.490652,871.311238,798.273212,787.427677,746.883453,688.739773,658.367163,620.286960,626.625014,607.934693,621.154198,915.964366,853.242451,817.363831,778.833467,749.336051,739.991840,731.240246,696.922583,688.330968,713.920020
10,113.003444,117.053617,174.475225,242.813118,346.631422,396.341637,482.017139,569.108544,642.399874,684.606439,0.000000,103.812543,184.401056,272.621728,341.362239,414.046303,485.287425,561.227272,636.841717,682.248733,63.217568,110.426501,173.110068,244.721979,323.539563,434.243008,477.206419,542.309770,644.590300,703.130044,145.946701,208.156056,229.890308,269.516839,354.641781,426.334865,528.678401,564.273663,649.184953,723.766155,221.781832,228.670290,260.538577,366.695978,404.556148,456.426438,544.942912,617.677963,699.614857,750.599786,311.425315,316.139467,375.879090,384.103428,464.714195,533.123759,579.124898,636.063725,726.946540,780.809465,364.709197,392.719378,410.017592,463.787015,532.525269,556.132552,641.464350,695.053615,760.462199,807.193070,425.048000,443.957701,462.026659,533.787923,585.411944,609.220753,672.146741,747.687397,795.197775,882.865003,512.657041,516.191528,562.469579,596.187636,661.041345,664.822539,732.639880,781.692239,860.130572,925.099606,611.149338,601.347615,646.227994,643.950520,705.947725,740.776442,797.327079,830.533347,914.373055,980.942236
11,140.356662,82.430151,101.393202,155.873820,248.513310,297.402685,381.728546,468.193795,542.740430,584.707238,103.812543,0.000000,85.511154,170.238353,237.829695,310.939349,381.963724,458.969328,534.135945,579.054803,106.078738,49.796801,80.185524,143.823947,221.106909,330.634177,373.440124,438.511054,540.780936,599.401768,135.992808,151.271692,158.732300,175.539788,255.949971,324.860824,427.028351,462.063903,545.815729,620.234911,225.574024,194.837585,198.060783,285.022231,317.221513,361.453274,449.186350,518.936169,598.472845,649.193083,296.968089,277.038357,316.975944,311.275722,383.202081,443.215956,487.859022,539.340889,629.571089,681.655224,358.350209,362.297404,357.043135,402.363959,455.738612,472.112622,552.266510,601.610435,665.574579,711.454596,413.281847,415.407091,417.443158,475.751553,518.911194,533.907546,590.573001,660.094690,703.153678,790.818882,500.929629,485.993530,523.702861,545.645283,595.086778,594.293503,652.999970,699.789664,771.993968,834.510916,593.232932,571.184907,603.063192,594.076603,645.122591,675.509992,726.226186,752.916469,830.186200,894.744308
12,177.863067,104.293595,61.507190,77.456563,163.268121,212.521209,297.708036,384.714852,458.364521,500.483677,184.401056,85.511154,0.000000,89.854686,161.156821,231.504396,303.051117,377.176309,453.136699,499.276019,191.041418,119.715392,90.690649,101.725667,162.045334,260.526281,300.846777,364.684067,465.302902,522.312847,203.916543,184.303011,174.308728,148.901987,208.233679,265.468885,364.973331,397.608980,475.546087,548.596754,289.636423,239.511390,216.482374,268.813065,289.815652,317.777117,401.529478,463.619436,536.239901,585.865775,345.640458,308.872218,327.096721,305.521955,361.712083,406.563954,447.837796,488.196011,576.083026,623.885702,409.100074,395.819272,370.839727,405.169728,438.186838,444.011919,514.501123,555.955555,616.619259,660.523779,458.386610,448.114195,436.432572,479.488958,512.168573,516.197205,563.468188,623.306015,658.838535,745.786306,543.505023,515.038094,544.484354,555.010661,587.257729,581.195248,627.532624,670.676392,733.250521,791.519688,629.335699,598.138904,618.108181,603.009037,641.992991,667.060209,710.403795,728.821588,796.656760,857.916984
13,262.946281,190.436073,133.236262,86.534171,86.983812,131.335335,212.564228,298.302104,373.710303,415.397039,272.621728,170.238353,89.854686,0.000000,71.947708,141.781330,213.290244,288.779043,364.221884,409.836078,271.086398,191.549934,136.435738,84.953925,93.697766,173.746805,212.295066,275.428970,375.565384,432.458722,263.713318,215.882912,191.884832,128.651494,147.590374,187.479771,282.304140,312.900046,387.300306,459.702940,339.626691,273.979735,228.566286,237.234810,244.032856,252.999475,330.105224,384.733817,451.964800,500.719295,376.137019,324.156010,318.387099,281.755359,317.525611,345.273249,382.262763,412.282005,497.482210,541.994239,439.008104,407.603301,363.106391,384.085057,394.731114,389.871290,449.631049,483.674040,541.108925,583.205846,480.278684,456.810308,430.950394,456.381555,477.301330,470.266394,507.509438,557.733450,586.628425,672.389402,560.171188,517.559991,537.313522,535.537852,549.497272,538.345123,572.066120,611.321689,664.976591,719.438491,636.911077,596.305653,603.138414,581.969133,607.881809,627.251150,662.856045,673.355557,732.271483,790.384890
14,334.679329,262.358059,204.040828,148.169768,75.180965,92.865082,156.712775,237.513369,315.077377,355.624967,341.362239,237.829695,161.156821,71.947708,0.000000,74.202441,144.278675,223.778596,297.404056,341.413453,333.940223,252.070535,189.806593,119.243415,67.422775,103.042884,140.377332,203.587605,304.289002,361.960320,314.170129,251.794436,221.240367,142.716379,114.242122,126.567301,214.115243,242.906125,315.393504,387.771996,380.795760,307.469029,249.916280,221.874966,214.493731,203.448337,271.421222,318.806639,381.847292,430.022048,402.104571,341.013333,316.688619,269.675670,284.905714,295.675870,327.900475,348.556841,431.135404,473.204620,462.616800,418.271252,359.962426,368.971199,359.872831,345.623500,394.823882,422.326725,476.880722,517.470974,496.721307,463.550572,427.115968,437.264424,447.758534,431.425452,459.504751,501.231040,524.695666,609.209498,570.885112,517.904038,529.436385,517.643223,516.174489,500.936739,523.705753,559.419555,605.683103,657.069005,639.182204,591.665880,587.755637,561.962277,576.739376,591.179729,620.090928,624.106077,675.652931,731.150836
15,399.537248,329.027938,267.454023,203.236121,95.483986,68.719745,89.618376,164.527650,242.638250,282.532087,414.046303,310.939349,231.504396,141.781330,74.202441,0.000000,71.554634,149.592832,223.428693,268.202528,408.100535,326.272909,263.705633,191.508588,124.896976,68.971057,84.812865,139.477397,235.583913,291.126726,386.949737,320.762449,288.400330,207.418987,152.043812,120.478526,175.321649,195.655547,254.046719,323.237874,450.274629,374.583799,312.654414,261.738053,241.512284,206.028768,252.667568,281.860847,330.658470,375.879897,464.265263,398.961645,362.722505,309.373936,303.538278,291.270374,314.293487,316.039357,390.578501,425.403401,522.744636,470.757409,403.529668,402.005423,372.494892,346.740784,378.204998,393.056777,440.603985,477.245638,552.003731,512.502242,468.491719,464.626367,463.920196,436.938686,451.910653,479.440865,492.565907,573.647496,621.411448,561.121599,565.543044,544.594790,526.563425,506.681627,514.351161,544.203204,577.604609,622.727448,682.570298,629.775033,616.100878,586.099666,588.662593,597.071179,617.092518,612.033380,651.544854,702.097157
16,470.163959,400.180455,338.055536,272.141224,159.731865,118.571348,70.510749,107.542142,184.699555,221.525509,485.287425,381.963724,303.051117,213.290244,144.278675,71.554634,0.000000,84.365011,153.852901,197.137803,477.687645,395.470397,331.595492,257.473670,183.804792,82.303590,54.710399,76.953642,165.303073,219.706505,452.139240,381.351966,347.487900,266.139429,195.494121,136.423427,142.873941,150.373293,189.829742,255.367183,510.437026,432.513103,366.926735,297.403288,267.413741,213.401498,234.216410,242.321798,274.724510,316.351682,515.853393,447.001213,400.079431,342.685916,317.999196,284.538493,297.132132,279.550989,343.705729,371.008248,571.589474,512.252313,437.551698,426.099211,378.246287,342.499752,355.347286,357.218168,396.850547,429.154958,595.422495,549.878149,499.077304,481.780039,470.341913,433.813798,435.712524,448.875988,451.866830,528.683023,659.221479,592.125577,589.431587,559.838699,526.098751,502.127985,495.087837,518.786866,539.531062,578.392168,712.487235,654.866545,631.681576,597.967842,588.635513,591.094019,602.286147,588.629606,616.353898,661.900445
17,536.374530,469.248900,405.369737,335.982602,221.362598,172.648552,88.365686,33.630105,102.288079,137.370415,561.227272,458.969328,377.176309,288.779043,223.778596,149.592832,84.365011,0.000000,76.829907,125.873200,557.519193,475.828040,413.175428,340.107453,267.927789,164.178729,126.480229,96.215298,122.494844,160.463950,535.320801,465.571743,431.810680,350.433320,278.804213,214.170372,187.161030,176.878330,169.834942,216.422392,594.741840,516.877720,451.123736,377.355078,343.886811,282.157369,281.876765,264.953793,267.012141,298.250076,599.482335,529.949569,479.716513,421.183499,387.166825,339.641041,342.164441,303.487424,348.598416,361.291596,654.502368,592.920597,515.492956,499.074982,440.047139,397.407059,391.830947,377.841077,404.504130,428.756214,676.557560,628.698123,574.903227,549.841900,530.877237,487.221560,476.711398,473.178634,462.355875,530.839263,737.845053,667.612671,660.827938,625.766926,580.146547,552.949182,531.456058,547.693475,551.708553,580.588238,786.832260,726.607520,697.231879,661.087480,642.226103,639.266973,641.551088,618.632142,631.160230,669.031181
18,613.200068,546.000649,482.179047,412.800800,298.192090,249.377678,164.079863,83.321881,81.031006,92.619360,636.841717,534.135945,453.136699,364.221884,297.404056,223.428693,153.852901,76.829907,0.000000,50.396486,631.270871,549.174984,485.448386,411.180787,336.030825,225.467213,182.381133,128.576747,81.424087,92.551516,605.346524,532.462936,497.923311,417.151969,339.559822,267.775874,212.832920,189.355092,140.760225,162.122296,660.665784,581.541362,513.834512,429.684178,391.488601,322.395369,301.138009,262.509888,236.762274,256.540035,658.766480,587.303569,530.204375,470.427296,424.336076,363.048952,355.488519,299.238376,324.400951,323.706309,711.170717,644.480106,562.692876,539.044701,467.373246,418.463234,394.759195,366.497296,380.366957,396.747849,728.654918,676.486026,618.152142,582.646595,554.949471,504.300048,481.343135,461.929378,438.875467,498.479294,784.651649,709.577064,696.850124,654.961220,596.183786,565.976515,530.256388,538.993080,527.633458,547.359059,826.279826,762.599218,725.235417,686.451277,656.882056,648.149513,641.285088,609.698195,608.062191,638.717682
19,661.668512,593.744860,530.257784,461.410168,346.712608,298.405761,213.894942,133.503953,112.845750,104.775867,682.248733,579.054803,499.276019,409.836078,341.413453,268.202528,197.137803,125.873200,50.396486,0.000000,674.376085,591.994644,527.366611,452.304679,375.278545,261.979855,217.453658,156.503448,72.481689,48.609216,644.842575,569.522798,534.516551,454.697605,373.534794,298.478606,229.111919,199.307707,127.528805,125.501737,696.468084,616.595803,547.693108,456.757126,415.861956,343.305462,309.309541,258.095057,214.381473,225.181122,689.303494,616.722822,555.043702,494.937032,441.284986,372.151411,358.215615,292.115404,303.086262,293.404124,739.510958,669.344811,584.971308,556.523782,477.178024,424.904873,389.775298,352.723457,357.842450,368.793845,753.518432,698.466690,637.272587,594.865737,561.561342,506.843113,476.009462,446.497442,415.827866,469.085296,805.433966,727.255531,710.461801,664.175073,597.066049,565.157199,520.500114,524.274240,503.182641,517.016002,841.652558,775.839073,733.195599,692.864435,656.355567,643.884637,631.104820,594.176055,583.567203,609.563257
20,172.382132,156.810177,201.095558,261.426244,352.857606,400.948872,483.650249,569.006918,644.789591,686.413132,63.217568,106.078738,191.041418,271.086398,333.940223,408.100535,477.687645,557.519193,631.270871,674.376085,0.000000,82.523121,148.610995,224.401224,304.153706,418.292147,462.611041,527.954962,631.027017,691.189916,84.779905,157.146110,184.287590,238.422687,326.797613,402.471299,504.103247,540.944072,629.925634,705.223980,158.800001,168.954900,209.070240,322.211324,363.439760,421.809261,510.286941,586.642406,672.675414,724.053140,248.259025,255.819196,320.158465,334.152184,418.531050,492.504151,539.346773,601.950329,693.221748,749.598876,301.663681,330.405405,352.005509,407.952623,482.849868,510.701231,599.389049,656.697433,723.394655,770.954157,361.877190,381.283867,401.582410,476.328364,530.596211,558.217473,624.330982,703.732340,754.949478,842.305248,449.556564,453.503928,500.647027,536.432620,605.644060,611.264013,683.368495,733.591283,816.178967,883.040586,547.938418,538.533838,584.878876,583.891684,648.608577,684.830120,743.519743,779.772071,867.333927,935.153687
21,179.860905,130.530147,149.045222,195.892737,275.804437,322.597374,403.619520,488.169775,564.547685,605.909085,110.426501,49.796801,119.715392,191.549934,252.070535,326.272909,395.470397,475.828040,549.174984,591.994644,82.523121,0.000000,66.606291,142.136990,221.999395,335.893402,380.144575,445.501506,548.559320,608.673441,87.501000,107.617195,122.478637,160.365334,247.355802,321.657442,423.717397,460.185385,548.187908,623.392019,176.659921,146.250616,157.856654,257.173339,294.209160,346.699843,435.310379,509.380847,593.420354,644.669865,247.321265,230.313268,276.574509,277.608903,355.509243,422.701104,468.709882,526.667320,617.735254,672.569558,308.564774,314.521023,314.732676,363.497009,425.002019,446.471682,531.093688,584.778972,650.409277,697.328764,363.726129,367.553219,372.926998,435.815592,482.721819,502.435089,563.248801,637.517573,684.786681,772.448147,451.489346,438.624160,478.130045,503.313641,558.817393,560.270774,624.415806,672.797786,749.923000,814.691205,544.421486,524.012443,558.756411,551.657918,606.721887,639.071163,692.700570,723.130590,804.939107,871.085925
22,219.306167,154.228860,143.191992,165.592110,223.287121,267.059150,344.460429,427.218244,504.460326,545.292130,173.110068,80.185524,90.690649,136.435738,189.806593,263.705633,331.595492,413.175428,485.448386,527.366611,148.610995,66.606291,0.000000,75.821323,155.547679,269.757339,314.186891,379.486778,482.577297,542.954395,127.295456,93.614054,87.123605,96.917632,181.748396,255.205463,357.372544,393.705930,481.596325,556.819223,205.673433,149.321652,129.236857,205.136174,237.135878,283.903742,372.228699,444.596134,527.479859,578.651619,255.380142,219.009547,245.092959,233.419344,303.144406,363.711569,408.781338,463.132219,553.914845,607.751976,318.932530,306.016077,287.351234,327.881963,376.189226,391.930007,472.690974,523.462912,588.198922,634.611127,367.700998,358.616881,351.050213,401.972018,441.725227,454.473315,510.409877,580.278812,624.487884,712.191327,452.887793,426.573508,458.791497,474.571618,517.785838,515.750824,572.921733,619.607442,692.312465,755.424466,539.526974,510.458156,535.029154,522.932060,569.314752,598.187625,647.334525,672.972796,750.060653,814.804991
23,271.217654,199.143281,163.051676,150.825265,167.559183,204.872246,275.915979,355.970736,433.887620,474.028416,244.721979,143.823947,101.725667,84.953925,119.243415,191.508588,257.473670,340.107453,411.180787,452.304679,224.401224,142.136990,75.821323,0.000000,79.886984,193.937172,238.398486,303.678389,406.770689,467.222442,195.443257,134.675168,107.760964,49.524240,112.753944,181.618029,283.957829,319.655654,406.276299,481.389350,262.421114,192.002331,143.613409,168.648231,188.106416,220.622463,307.082121,375.214772,455.050652,505.946043,292.129901,239.225341,238.120293,208.367957,260.066892,306.905944,349.550053,396.381155,486.207199,537.842762,354.667214,323.063292,282.837757,309.990995,336.721731,342.613016,415.534890,460.688280,523.467040,568.780259,395.328335,372.794326,350.293046,383.786161,412.463367,414.608942,462.106278,524.216491,563.015596,650.454414,475.420038,434.932237,457.657183,461.264433,487.012586,480.006062,526.049333,569.719046,635.017017,695.192608,553.447977,515.054570,526.868601,508.658810,542.784769,566.497959,608.812122,627.274778,696.797466,759.119169
24,339.488815,265.973265,217.847785,180.122975,139.717219,159.764969,214.087481,287.250389,365.604900,404.244852,323.539563,221.106909,162.045334,93.697766,67.422775,124.896976,183.804792,267.927789,336.030825,375.278545,304.153706,221.999395,155.547679,79.886984,0.000000,114.692188,159.441936,224.463943,327.509776,388.320981,269.615854,197.673156,164.298639,82.917548,54.329336,104.494207,206.128631,240.959072,326.448240,401.518713,327.001434,250.140758,187.853447,155.625815,153.646450,159.987561,240.362255,301.879069,377.775236,428.284945,339.746169,276.052297,249.268132,203.076737,226.410699,251.860290,289.920498,326.171059,414.164355,463.083840,398.973370,351.602761,292.610306,303.433049,303.123729,296.249441,357.208902,394.758156,454.685393,498.478642,430.919104,396.344190,359.870956,373.104715,388.101130,377.654042,413.820091,465.689343,497.770360,584.386658,503.964976,450.501846,462.765903,453.270399,458.815457,446.233644,478.376734,517.934699,574.082462,630.593842,571.762795,524.633016,522.759010,498.369651,518.204322,535.678676,569.615602,579.682113,640.018418,699.268416
25,436.530846,363.618299,306.750900,250.464433,156.053709,137.429176,139.098274,189.658487,266.012847,301.302088,434.243008,330.634177,260.526281,173.746805,103.042884,68.971057,82.303590,164.178729,225.467213,261.979855,418.292147,335.893402,269.757339,193.937172,114.692188,0.000000,44.847619,109.794822,212.874915,273.633274,383.331386,307.665294,272.825216,192.717971,114.922248,56.686098,112.789916,139.911471,215.534625,289.621911,435.327783,356.075232,288.615600,215.125532,186.481141,140.268713,184.006231,219.164929,278.805420,327.092061,435.567749,365.771611,317.804292,260.661102,241.815975,222.771106,245.375563,251.394329,330.415701,370.546111,490.324366,429.981376,355.588447,346.407400,307.399750,278.826780,309.626089,327.454894,378.161043,417.076369,513.237120,467.671909,417.784022,404.990242,399.376578,369.502195,382.947087,411.919489,428.328879,511.107801,577.023692,510.860048,510.157396,484.136289,459.962365,439.077409,445.396739,475.671434,511.997065,559.678150,631.578608,575.276458,555.942237,524.084937,522.283279,529.307322,548.235854,543.248321,584.832662,636.984759
26,475.002917,402.727994,343.930028,283.786610,180.093499,149.998308,123.613661,155.295330,228.701159,261.794429,477.206419,373.440124,300.846777,212.295066,140.377332,84.812865,54.710399,126.480229,182.381133,217.453658,462.611041,380.144575,314.186891,238.398486,159.441936,44.847619,0.000000,65.376182,168.416269,228.907395,428.159117,352.069140,317.085340,237.341243,157.205025,87.795654,94.128420,110.955156,175.016614,247.777300,479.277703,399.700633,331.550529,251.138150,217.576287,159.564768,181.429718,198.999298,246.333146,292.500708,476.751131,405.894285,353.333642,294.704163,264.569178,230.085513,244.407608,234.521665,306.201481,340.696020,530.178124,466.771109,389.047765,374.292337,323.641450,287.962461,304.507550,312.142263,356.993982,392.774803,550.571268,502.217895,448.951713,428.263126,415.703341,379.299262,383.209459,401.377776,409.985379,489.899618,611.372517,541.822676,537.072047,505.900380,471.484874,447.791637,443.515260,469.292471,496.149165,539.188145,661.558272,602.680945,577.710898,543.609366,534.024256,536.983433,549.726363,538.522701,571.445475,619.957113
27,537.169167,465.521444,405.444551,342.621842,233.384427,194.996792,139.436804,129.774858,190.214803,216.542360,542.309770,438.511054,364.684067,275.428970,203.587605,139.477397,76.953642,96.215298,128.576747,156.503448,527.954962,445.501506,379.486778,303.678389,224.463943,109.794822,65.376182,0.000000,103.092694,163.979325,492.313186,414.788165,379.528120,300.857481,217.555169,141.978548,91.295166,82.759287,114.674301,184.522684,540.735397,460.614134,391.391058,301.796898,262.941732,194.400305,185.728845,174.145429,197.901207,239.542096,533.034023,460.755028,401.783673,341.930426,297.663172,244.243846,246.002900,212.515556,269.377115,294.267094,584.053887,516.109407,434.131336,411.699371,346.046931,301.737593,297.096615,289.030605,323.615681,353.926424,600.309903,547.923861,490.093144,458.337046,436.118816,391.187253,381.263095,383.073182,379.824944,454.332206,656.172471,581.885379,571.186780,532.819209,484.093219,456.738971,437.153883,455.887760,468.402098,504.161745,699.423447,637.022803,603.932092,566.877222,546.104048,543.127373,546.713845,526.570864,546.465494,589.264136
28,635.099506,564.497021,502.995686,437.440222,324.466559,280.236334,205.061223,146.264673,162.427154,168.385612,644.590300,540.780936,465.302902,375.565384,304.289002,235.583913,165.303073,122.494844,81.424087,72.481689,631.027017,548.559320,482.577297,406.770689,327.509776,212.874915,168.416269,103.092694,0.000000,61.933270,594.695524,516.035090,480.613617,402.961362,317.894770,240.364037,160.569737,128.358426,59.614917,94.415646,640.555512,560.089187,490.110052,392.921689,350.198195,275.907454,237.160886,186.751608,155.565999,178.892371,627.453258,554.088524,488.952672,428.880736,371.227425,300.023606,285.790759,221.878415,242.983328,244.693020,675.533670,602.908100,517.121704,486.367294,405.026508,352.455749,318.973713,286.305793,298.978220,316.388082,686.892213,630.181599,567.661543,523.040841,489.090657,434.512202,405.463681,381.388056,357.494374,418.406962,736.357510,656.910954,638.860298,591.846460,524.998080,493.394177,451.950374,458.732364,446.336497,467.581451,770.432538,704.110128,660.756926,620.383337,584.582272,573.122766,562.877675,529.256019,526.740716,558.368862
29,689.415866,619.840633,557.391585,490.206617,375.978031,329.442968,248.379201,174.618436,161.442174,151.267413,703.130044,599.401768,522.312847,432.458722,361.960320,291.126726,219.706505,160.463950,92.551516,48.609216,691.189916,608.673441,542.954395,467.222442,388.320981,273.633274,228.907395,163.979325,61.933270,0.000000,656.184430,577.858337,542.456493,464.551473,379.782568,302.297216,220.139656,185.774447,98.438318,77.906104,702.488749,622.020850,552.022451,453.906946,410.559908,335.551957,289.975128,229.102116,172.932971,178.608187,688.786208,615.269076,548.870463,488.904973,428.061259,352.462120,333.119765,260.114073,260.988667,246.841786,736.219637,662.504698,575.869171,542.759019,456.843901,402.123595,357.981027,314.938481,314.622125,322.882991,746.302063,688.426727,624.624349,575.840871,537.750356,479.979627,443.180925,406.905236,372.032440,422.361735,793.732312,712.744640,692.135818,642.069820,568.298213,535.215939,484.234324,484.749832,458.420553,469.901466,824.506849,756.913317,709.705476,668.207200,626.210682,610.967776,594.097040,553.916618,538.617278,562.739698
30,246.439016,211.679937,236.488648,281.189464,350.478010,394.254237,470.275081,551.376494,629.191394,669.455398,145.946701,135.992808,203.916543,263.713318,314.170129,386.949737,452.139240,535.320801,605.346524,644.842575,84.779905,87.501000,127.295456,195.443257,269.615854,383.331386,428.159117,492.313186,594.695524,656.184430,0.000000,86.018242,119.817801,191.836946,279.201178,357.415990,455.653689,493.443507,586.314906,661.661005,89.628378,84.424977,133.384173,252.222674,296.768901,362.139832,449.065724,528.885646,619.020905,670.427111,168.835489,171.039542,237.660930,257.298459,344.853034,424.371371,471.702033,540.333084,631.305689,690.229460,226.814641,246.941400,267.851884,325.020260,404.946610,436.990046,528.685792,589.736689,657.471289,705.702035,284.832191,298.568799,316.818792,392.289921,448.100116,478.732727,547.567544,630.497297,685.383029,772.072081,373.012041,370.769458,416.525470,451.662964,522.640924,529.535782,605.055134,656.212822,742.559845,811.134804,469.277575,456.117030,500.420072,499.112233,564.504016,601.418219,661.422704,699.965111,790.629198,859.478911
31,287.426866,233.509950,234.691879,258.345185,301.383464,339.513452,407.993537,484.580076,562.923024,601.862422,208.156056,151.271692,184.303011,215.882912,251.794436,320.762449,381.351966,465.571743,532.462936,569.522798,157.146110,107.617195,93.614054,134.675168,197.673156,307.665294,352.069140,414.788165,516.035090,577.858337,86.018242,0.000000,35.534238,115.350850,198.326289,276.511099,372.462443,410.413831,504.383687,579.484733,129.521096,58.173295,52.428075,167.083834,210.936437,276.359765,363.073436,443.143932,533.876080,585.227271,162.860833,127.271145,169.404089,177.113111,261.827183,339.009691,386.270543,454.315883,545.290859,604.264264,226.439458,213.927050,207.120831,256.854787,325.856861,354.086603,444.282086,504.240614,571.814738,619.959918,274.112916,266.890218,266.225337,328.544488,377.538901,401.731949,467.185796,547.425670,600.654164,687.624594,359.348147,336.260793,372.476506,395.735142,453.372062,456.666810,526.362213,576.453188,659.767023,727.425387,447.055450,421.024953,451.944147,444.098617,499.922652,533.363279,589.173634,623.259345,710.204190,778.167881
32,298.592540,238.570691,229.952833,243.869826,275.262627,310.898434,376.467696,451.544896,529.901000,568.455709,229.890308,158.732300,174.308728,191.884832,221.240367,288.400330,347.487900,431.810680,497.923311,534.516551,184.287590,122.478637,87.123605,107.760964,164.298639,272.825216,317.085340,379.528120,480.613617,542.456493,119.817801,35.534238,0.000000,81.428247,162.831900,240.988350,337.077717,375.009520,468.876700,543.999801,162.965631,86.332851,42.303509,138.007577,179.610478,242.488051,329.851180,409.160959,499.246990,550.641011,184.394461,135.873879,158.887234,155.134995,235.180918,308.498059,355.521815,421.339419,512.486872,570.821463,247.125220,222.313754,200.460668,243.634861,302.884743,327.048510,415.103353,473.210245,540.384192,588.294073,289.870013,274.158376,263.936172,317.143748,360.967020,380.076091,442.309042,519.683224,570.811437,658.092560,372.385282,340.735508,371.727732,388.274669,437.138752,437.890516,502.786112,551.839088,632.165060,698.760762,455.547247,424.060970,448.023027,436.690267,486.454114,517.506308,570.278428,601.022257,684.778144,751.871613
33,310.673578,240.723738,210.395283,200.114736,203.911795,234.542628,296.043025,370.160845,448.512626,487.028009,269.516839,175.539788,148.901987,128.651494,142.716379,207.418987,266.139429,350.433320,417.151969,454.697605,238.422687,160.365334,96.917632,49.524240,82.917548,192.717971,237.341243,300.857481,402.961362,464.551473,191.836946,115.350850,81.428247,0.000000,88.802088,166.234639,266.492235,303.811383,395.237702,470.670379,244.308783,167.252155,107.220000,119.953986,143.753985,187.027539,275.452055,349.059144,434.255669,485.641877,259.388282,199.848985,190.169454,158.846834,213.804527,267.791521,312.324071,366.559201,457.513193,512.236204,320.104351,280.669906,234.936156,260.510566,289.687286,299.236899,376.859473,426.581379,491.295603,537.785550,356.292786,328.869082,302.667683,334.266044,363.599901,367.897619,418.545030,484.932582,527.777117,615.468462,433.640686,388.915047,409.558105,411.851404,438.463675,432.378392,481.975909,527.044463,596.636400,658.985496,508.450322,467.870543,477.755906,459.184591,493.744784,518.185623,562.031020,582.853196,655.978290,719.761841
34,382.972992,310.123954,266.810357,233.677337,189.246146,201.259232,240.359289,302.879551,380.151610,416.090710,354.641781,255.949971,208.233679,147.590374,114.242122,152.043812,195.494121,278.804213,339.559822,373.534794,326.797613,247.355802,181.748396,112.753944,54.329336,114.922248,157.205025,217.555169,317.894770,379.782568,279.201178,198.326289,162.831900,88.802088,0.000000,78.313613,177.690266,215.045632,307.118586,382.486079,323.185591,243.092547,174.382160,110.571306,100.641807,109.553680,194.520630,263.210860,346.112408,397.415102,320.702994,251.526947,210.690236,158.593827,172.595622,199.685814,239.728915,283.640479,373.636128,426.231947,376.109224,319.457224,251.888930,255.568478,249.019616,242.345815,306.630823,348.529371,410.793957,456.026340,401.592150,360.481344,317.635294,323.081167,334.868032,323.328362,360.436757,415.403841,451.160443,538.404955,469.470860,409.831813,417.429101,403.482959,404.925604,391.961976,424.972377,465.457862,525.033933,583.652810,531.358302,480.643881,473.785537,447.720722,464.646952,481.504942,515.369867,526.363523,589.229644,649.798970
35,443.291560,369.715515,318.703917,271.700124,194.242265,185.988854,195.784335,242.104715,316.440792,349.445146,426.334865,324.860824,265.468885,187.479771,126.567301,120.478526,136.423427,214.170372,267.775874,298.478606,402.471299,321.657442,255.205463,181.618029,104.494207,56.686098,87.795654,141.978548,240.364037,302.297216,357.415990,276.511099,240.988350,166.234639,78.313613,0.000000,102.346888,138.534667,229.026821,304.448309,400.191612,319.744229,249.950903,163.358322,130.997175,85.563093,144.861655,198.307045,273.613445,324.378249,391.323593,319.538120,265.557103,207.128342,185.247532,173.336156,202.083077,224.813949,310.977411,358.695827,443.438255,378.992441,301.719973,290.137850,252.191514,227.246106,268.636380,296.758366,353.650609,396.158964,462.836725,414.640067,362.677645,348.308415,343.870829,316.825570,336.374393,374.677646,399.536337,484.983332,523.872185,455.714336,453.781292,427.511393,406.102687,386.646641,399.988982,433.849416,479.433142,532.245911,576.080721,519.017127,499.302723,467.704016,468.184307,477.125988,499.772696,499.564334,549.085687,604.927070
