node_id,0,1,2,3,4,5,6,7,8,9,10,11,12,13,14,15,16,17,18,19,20,21,22,23,24,25,26,27,28,29,30,31,32,33,34,35,36,37,38,39,40,41,42,43,44,45,46,47,48,49,50,51,52,53,54,55,56,57,58,59,60,61,62,63,64,65,66,67,68,69,70,71,72,73,74,75,76,77,78,79,80,81,82,83,84,85,86,87,88,89,90,91,92,93,94,95,96,97,98,99
0,0.000000,82.183626,173.642575,259.166880,307.474296,385.618648,461.882851,528.830065,618.294193,707.313592,108.340603,141.361191,195.569795,280.442855,347.670430,438.598326,493.628151,570.408081,629.723340,720.211845,154.279007,192.543598,234.445935,329.554671,373.556594,442.805914,525.075238,572.541203,643.344195,712.997144,234.170881,260.124108,278.208047,363.460604,417.864718,498.581927,561.924186,627.173414,706.972122,731.097184,329.118846,336.552358,364.642196,398.643074,455.948344,507.324123,597.765100,683.546249,723.066984,799.026860,408.694731,420.455933,462.934912,496.832675,540.218173,586.175807,638.789328,705.566183,745.258179,823.422017,471.535098,454.663650,503.418970,542.661671,590.360233,630.747776,711.766974,734.239037,801.638562,867.793750,551.806285,568.269672,595.005762,590.934955,651.796430,698.530795,746.029604,775.571818,857.755521,904.237913,623.709396,603.056584,635.217285,660.867804,699.891959,747.275505,805.978321,841.450398,917.502294,981.248810,683.883451,714.200343,726.257219,766.869476,763.736865,809.978598,848.116149,931.667622,969.565012,1000.478412
1,82.183626,0.000000,91.932460,177.549114,226.668258,303.500944,379.874730,446.851175,536.499883,625.362381,135.079052,115.952198,125.738167,204.524681,268.617789,360.499335,414.122249,490.422638,550.047374,640.172586,171.757715,172.986533,189.938507,265.209806,304.808409,369.170101,449.753633,495.026674,566.610916,634.492505,245.459613,236.452540,239.464961,313.596124,354.209934,433.645730,492.410027,556.193629,632.867915,654.932998,325.298800,322.328913,330.167433,351.448447,403.848319,446.149984,535.383275,616.025181,653.647311,726.391358,409.198864,410.296559,433.745455,457.244061,491.325527,533.163453,578.522687,639.804178,677.780224,755.295188,473.726355,442.190503,483.012842,510.616294,548.653376,579.908223,655.774485,675.037099,737.792327,801.026061,550.665163,556.976297,576.499946,561.292610,613.955018,650.230797,695.922716,720.245346,797.370001,842.347112,623.714418,592.466915,616.191661,635.027469,664.241375,704.705482,758.650439,790.232915,864.079051,921.047043,683.947441,705.472243,709.682386,740.210392,730.799411,771.243632,804.612691,884.094796,918.914970,944.538784
2,173.642575,91.932460,0.000000,85.619850,135.073449,212.261031,288.289217,355.209802,444.670958,533.677155,196.060765,137.829342,68.501071,120.586152,178.648968,271.078925,323.219656,399.084321,458.876629,548.727148,218.077509,182.365205,162.373758,197.376978,228.558146,284.959019,362.909181,405.745818,477.907950,544.129128,275.373408,229.087251,212.076036,263.973854,283.619347,359.570932,411.960279,473.589608,546.593789,566.590934,331.963810,317.390453,299.925628,303.333152,347.125426,376.633270,463.022507,536.950970,572.258997,641.351527,415.704848,404.754685,404.725612,414.646494,436.274894,472.215763,508.197827,562.567560,598.406531,674.877878,479.470372,432.587521,462.672694,475.626740,501.133850,520.838852,589.676530,605.045720,662.127877,721.893947,550.350536,545.015005,555.768470,527.897189,569.819184,593.214389,636.275637,654.341751,725.233233,768.332163,622.979889,580.452730,593.996384,604.580151,621.874001,653.728671,701.608039,728.476207,799.340304,848.546302,682.147592,693.419934,688.647333,707.188676,690.667775,723.963922,751.544504,825.804925,856.963891,876.598758
3,259.166880,177.549114,85.619850,0.000000,51.193601,127.939869,203.137776,269.926525,359.136465,448.288853,269.613709,199.010058,98.376664,66.780084,98.666946,190.368472,239.510502,314.501506,374.486186,463.876440,282.686538,227.844815,181.263284,158.908493,172.823666,213.005717,285.398778,324.278694,396.982147,460.777955,325.637237,254.866599,221.572578,242.253494,232.652228,300.422493,342.935541,400.916337,468.637229,485.879072,360.760829,337.114299,296.675999,280.072949,310.855312,323.014437,403.660775,468.205394,500.349504,564.577863,440.284761,419.109204,396.430956,391.580795,398.424618,426.492604,450.569532,495.850937,528.789965,603.545403,501.164387,442.040605,460.758023,458.497048,469.894054,476.221983,535.858107,546.531127,596.478700,651.842886,564.705826,548.714017,550.772478,510.923385,540.651514,549.619049,589.141636,599.986721,663.209670,703.914810,635.398241,583.262967,586.705132,588.871270,593.595137,615.819231,656.550827,678.004178,745.032120,785.411295,692.559161,694.085336,680.764984,687.162936,663.634491,689.062518,710.224290,778.263170,805.282605,818.329245
4,307.474296,226.668258,135.073449,51.193601,0.000000,88.642476,158.748082,224.456863,312.166696,401.863382,308.133762,232.912962,130.531585,58.083707,48.935193,139.391686,188.544264,264.033928,323.889182,413.653701,315.608910,252.179703,194.705878,138.350217,137.995614,165.712362,235.088606,273.098564,345.827111,409.763686,349.149411,266.919401,226.234674,226.336041,198.049768,259.016898,295.864749,352.020442,417.947981,434.727840,370.755642,342.403540,289.653670,261.377914,283.010803,284.437102,360.966932,420.705531,451.508672,514.112377,446.076772,419.175195,383.422736,369.832296,367.808415,390.987789,408.424013,449.136318,480.774422,554.749568,504.270657,438.738952,450.350142,439.108025,442.118240,440.823821,495.143104,503.427801,549.948676,603.452034,562.611071,540.435407,537.326016,490.919071,513.303843,514.193013,551.591751,558.699563,618.104955,657.689659,631.450496,574.081421,571.537682,568.787171,566.298628,583.039671,619.749899,638.348897,703.292858,739.594948,686.955841,682.693040,664.473226,663.865435,636.547649,657.504157,675.142108,739.745692,764.654770,774.589411
5,385.618648,303.500944,212.261031,127.939869,88.642476,0.000000,76.919278,143.823596,234.228340,322.219434,395.373444,321.213489,218.678781,143.264426,84.636599,115.592670,138.336138,202.937799,262.388406,347.756030,404.142452,340.356275,280.409281,202.880549,181.198830,166.803600,207.613943,227.921321,299.394031,351.995771,436.856189,350.926936,306.931851,288.968909,233.521967,271.946293,285.360941,329.173512,378.600468,386.514746,452.484547,421.345335,359.293770,318.724993,325.264164,303.655277,364.423300,403.319680,426.177727,475.553492,524.258769,492.949006,444.039284,418.745547,401.302875,413.152365,412.012976,434.680629,459.408257,527.860463,579.820966,509.116952,512.860522,489.889924,478.942967,461.795982,500.891316,501.538186,534.329402,578.183919,632.899111,604.270505,594.813814,539.806583,549.460029,533.455830,564.938395,561.553142,607.246607,641.919486,699.300389,636.504645,626.294592,616.387429,601.685734,607.140796,633.951259,644.771372,702.855696,724.666406,752.617081,741.418844,716.686026,705.137328,671.388862,683.234693,692.816829,748.140677,766.943821,766.996045
6,461.882851,379.874730,288.289217,203.137776,158.748082,76.919278,0.000000,67.004781,157.309585,245.518035,466.656658,390.386267,288.668966,206.217476,135.726514,104.458433,89.154357,134.626034,191.676556,273.583721,471.997538,403.664892,338.915616,243.553775,207.967997,162.065254,169.052291,171.201442,237.968987,281.858432,497.844932,405.375751,357.756422,321.748930,247.073714,262.365691,254.319475,285.087201,320.002930,321.672749,501.989569,467.458680,396.089631,345.042899,337.503262,297.035925,340.673361,360.773465,376.782346,415.663502,567.912096,531.443293,469.120640,433.119963,402.135349,403.485227,386.413378,393.532468,412.245906,475.332157,619.398186,543.370113,538.415251,504.091124,480.283832,449.459448,474.476012,468.804271,490.071391,526.123141,665.431309,629.814587,613.754332,551.092098,548.530854,517.789592,543.536740,531.453088,565.497374,596.010543,728.310841,660.101175,641.976709,625.086108,599.070877,594.274405,612.088605,616.246407,668.042099,678.527362,778.636573,759.901857,728.662675,706.527230,667.202572,670.659439,673.092463,719.972165,733.633504,725.970671
7,528.830065,446.851175,355.209802,269.926525,224.456863,143.823596,67.004781,0.000000,90.671850,178.519198,531.406723,454.247220,353.337872,268.790819,196.480629,139.410812,93.188929,92.086616,139.145273,212.750427,534.896634,464.326135,397.453157,294.265856,252.433579,190.107936,164.895450,143.529425,197.967726,227.487798,556.636677,460.863253,411.642392,365.089039,280.488527,276.855577,249.411622,264.356452,280.582787,274.066303,553.461319,517.013933,440.419953,383.360111,365.845485,312.060705,338.354584,338.707799,346.717676,372.604912,614.871211,575.108795,503.896850,460.476130,419.443896,411.845090,380.719739,372.004304,383.803715,439.839613,663.066668,583.874450,572.551992,529.983837,496.198465,454.281878,465.784511,454.097590,463.255175,490.470194,703.567649,662.951590,641.926780,573.954557,561.356479,518.243598,538.312278,518.193365,540.198413,566.092798,763.323426,691.460313,667.274368,644.915755,609.748417,596.063015,605.472567,603.327670,648.515370,647.619616,811.005893,786.436779,750.176445,719.431407,675.730848,671.796751,667.749479,706.333584,714.983329,699.844204
8,618.294193,536.499883,444.670958,359.136465,312.166696,234.228340,157.309585,90.671850,0.000000,89.992706,616.485799,538.233957,438.918368,352.459450,279.612747,206.404643,147.637933,87.774498,88.305627,131.634884,617.187075,543.897820,474.901185,364.740470,318.039726,244.333488,188.399677,140.255674,160.453221,158.710002,633.149384,533.869737,483.295145,425.350060,332.988012,307.964337,258.686005,249.770598,234.969609,214.802220,620.450315,581.964566,500.110189,437.251214,408.514749,341.357748,343.781596,316.339953,311.871557,316.339912,675.455568,631.900209,550.592123,498.890921,446.498994,427.704290,379.250352,348.604743,349.621365,393.066497,718.915055,636.522354,617.235526,564.918928,519.107956,463.934953,456.767456,437.087777,428.607603,442.157165,751.794280,705.095717,677.885052,604.123701,578.680622,520.139765,531.987574,501.294299,505.774340,524.543754,806.875747,730.944116,699.127483,669.920582,623.268716,597.962617,595.771064,584.992060,620.208677,603.364341,850.638132,818.545754,776.008258,734.195352,685.274764,671.467119,658.687195,685.322442,686.938865,661.608600
9,707.313592,625.362381,533.677155,448.288853,401.863382,322.219434,245.518035,178.519198,89.992706,0.000000,706.465556,628.149368,528.908800,442.410403,369.571315,294.158981,234.404122,164.572491,132.121228,104.121531,706.841230,633.023716,563.580904,451.719700,403.780397,327.345006,261.213105,204.963293,193.726874,150.428634,721.271424,620.981585,570.084099,507.811424,413.193707,377.821457,317.549883,291.232318,246.641944,211.070695,704.805424,665.536637,581.660615,516.531969,482.229938,408.944452,394.970563,345.352953,328.469101,306.468011,756.443725,711.078525,624.657797,568.556948,509.755393,483.581836,423.396368,374.602058,364.447150,391.046047,797.110594,713.350969,689.445935,631.421671,577.996247,514.118662,491.535417,465.167347,439.046562,436.155371,825.259272,774.972499,743.848436,666.871134,632.379481,562.620256,567.057542,527.389683,513.784740,523.990552,877.018862,798.862590,762.032274,728.156373,673.297219,638.830835,626.370847,607.613316,631.999778,597.768072,917.884945,880.667295,833.816504,783.790267,731.205208,709.186588,688.735187,703.423608,697.806719,661.839939
10,108.340603,135.079052,196.060765,269.613709,308.133762,395.373444,466.656658,531.406723,616.485799,706.465556,0.000000,79.739919,178.080306,264.131274,336.919731,419.571942,478.724264,555.982283,612.538904,703.532041,46.079258,105.272545,168.285113,282.538323,332.177657,409.566591,493.853052,547.359515,613.994431,689.167275,125.874847,168.112305,199.550173,291.948310,364.321076,444.342967,515.072738,582.214965,668.565763,698.493627,222.784054,234.438523,276.218941,322.125560,383.387142,446.334392,536.607390,630.205199,673.066371,755.545839,300.834245,315.241859,367.458711,409.309579,461.517757,511.595638,573.480754,648.523777,690.961153,769.518749,363.347624,350.005342,401.902631,448.032547,503.223452,552.749401,639.209905,665.955016,739.997857,810.786093,443.841149,462.487894,491.840597,494.040169,560.465084,616.750300,665.768619,701.413247,789.980778,838.420535,515.546562,496.924703,532.057474,561.031216,606.360261,659.227516,722.144148,761.625632,839.757670,912.266474,575.676396,607.292804,621.709249,666.910280,667.762542,718.120115,760.195987,847.241356,888.243976,925.403672
11,141.361191,115.952198,137.829342,199.010058,232.912962,321.213489,390.386267,454.247220,538.233957,628.149368,79.739919,0.000000,102.550694,185.832399,258.671223,340.002768,399.312535,476.483261,532.861572,623.834101,83.676481,57.146013,95.570938,204.443393,253.400095,330.132828,414.411883,467.661141,534.553971,609.486579,138.678862,122.717551,136.890598,224.233178,288.595528,369.271981,438.138631,505.015013,590.257519,619.434205,209.766416,206.710645,223.863819,258.163449,316.863985,373.859861,464.536760,555.428079,597.355593,678.330128,293.981716,294.451037,324.211119,355.575002,399.644335,446.816993,503.446048,575.083685,616.629105,695.189612,358.575145,326.649317,369.534281,403.104079,449.021823,490.491019,573.364634,597.667674,668.595510,737.617635,434.892277,441.451244,462.623330,452.380098,510.925011,557.574936,605.390821,636.680756,721.611167,769.107682,507.974846,476.888329,502.555323,524.201830,559.537592,605.938891,664.806186,700.982241,777.619162,844.684731,568.166646,589.769424,595.453984,629.958578,624.238871,669.072532,706.762686,790.473189,828.856171,861.491632
12,195.569795,125.738167,68.501071,98.376664,130.531585,218.678781,288.668966,353.337872,438.918368,528.908800,178.080306,102.550694,0.000000,88.017864,159.904564,246.756855,304.324991,381.779518,439.822242,530.868266,185.803877,130.183179,95.586865,139.812568,179.444618,247.275489,329.942982,379.033081,448.895087,520.414254,227.726886,165.862143,144.215516,197.613739,228.677470,307.911416,367.574950,432.153275,511.417900,536.155369,271.036325,252.865942,231.441970,236.820178,283.786110,320.992893,409.836667,490.626709,528.877375,603.574824,353.465470,339.145278,336.224670,347.361212,372.579223,411.300807,453.370564,514.129432,552.398033,630.113281,416.397828,365.937211,394.469965,407.444108,435.153587,459.098829,531.944690,550.048415,612.057080,675.533762,485.183196,477.590753,487.436212,459.638491,503.156954,530.680966,575.006455,596.558252,672.003093,716.729209,557.449750,512.947948,525.570010,536.189008,554.922122,589.028414,639.238386,668.378401,740.970414,795.659436,616.221903,625.741404,620.230162,639.023128,623.385690,658.264249,687.673922,764.109583,797.078458,820.306521
13,280.442855,204.524681,120.586152,66.780084,58.083707,143.264426,206.217476,268.790819,352.459450,442.410403,264.131274,185.832399,88.017864,0.000000,72.850804,158.991387,216.307503,293.763527,351.862984,442.888235,266.141134,198.030989,137.363721,92.130804,110.500037,165.076619,245.284777,292.191830,362.927243,433.123175,293.813307,209.022827,168.274983,176.567696,168.843935,241.028964,291.374265,353.296525,428.359869,450.872679,312.672399,284.559582,235.041247,213.846038,244.301127,260.852768,344.730552,416.402243,451.770395,522.204481,388.265893,362.415217,332.197987,325.021672,332.227306,361.930780,390.772578,442.263486,477.829347,554.314284,446.919290,383.027915,397.765923,392.399065,403.199964,411.484768,474.380523,487.388760,542.098002,601.315177,506.642830,486.898101,486.579571,444.741318,473.908432,484.759632,525.297208,538.845770,606.301421,648.675788,576.177006,521.016153,521.909164,522.721102,526.841174,549.928525,592.201801,615.386330,684.032789,729.321332,632.363633,630.872014,615.659180,620.548876,596.866005,622.821765,645.040593,714.752733,743.241940,759.325241
14,347.670430,268.617789,178.648968,98.666946,48.935193,84.636599,135.726514,196.480629,279.612747,369.571315,336.919731,258.671223,159.904564,72.850804,0.000000,92.499465,146.000675,223.083525,282.103242,372.784633,338.530149,268.274098,203.256372,118.272134,101.781942,117.166747,186.731984,227.119227,299.438170,365.876663,362.118692,270.877921,224.812171,204.928492,159.318678,213.555450,247.191467,303.097401,370.045140,388.235485,370.194165,337.878960,274.670950,236.044406,248.608042,240.879873,314.233611,371.876797,402.585996,465.913194,440.365900,408.375174,360.932280,339.594718,329.925290,349.052735,361.900507,400.485886,431.863704,505.826582,495.373224,424.519581,429.421906,410.216943,406.018318,398.731469,449.300879,456.235058,501.320042,554.517214,548.342446,520.646945,512.908813,461.068666,477.143710,471.822316,507.658122,512.428846,569.932412,609.124475,615.023347,553.240022,545.381166,538.392171,529.943127,542.396570,576.187326,592.940205,656.641301,691.139186,668.728394,659.296464,636.879158,630.385791,600.108454,617.576430,632.652783,694.921749,718.567446,726.924391
15,438.598326,360.499335,271.078925,190.368472,139.391686,115.592670,104.458433,139.410812,206.404643,294.158981,419.571942,340.002768,246.756855,158.991387,92.499465,0.000000,60.118830,136.555977,193.287714,284.377655,415.475618,339.784382,269.693772,158.450025,113.569499,57.861887,97.312062,134.674982,206.943928,274.404665,427.117681,327.472208,276.991434,225.681129,143.820417,161.251344,170.038515,217.826568,278.733530,295.764114,416.004429,378.684605,301.021352,244.798998,233.283219,195.021353,249.289868,290.276141,316.652334,375.180672,475.647914,435.720743,367.158298,328.898074,298.540534,303.352701,296.719116,320.881506,348.147773,419.555517,523.697638,444.976958,436.270435,399.759377,376.780721,350.811539,385.627137,385.976623,421.203076,469.157622,565.520499,527.360419,509.835199,446.633699,445.704500,421.202748,450.802588,446.001866,493.010170,529.093261,626.751064,557.041178,537.655682,520.742021,496.820010,496.286035,519.798434,529.383098,587.322229,611.717844,676.008830,655.781012,624.208863,603.351572,565.571993,572.653497,579.374582,632.851114,651.352104,652.313032
16,493.628151,414.122249,323.219656,239.510502,188.544264,138.336138,89.154357,93.188929,147.637933,234.404122,478.724264,399.312535,304.324991,216.307503,146.000675,60.118830,0.000000,77.462504,136.104401,226.847956,475.418182,399.900764,329.780636,217.421325,170.412560,99.440452,80.205449,89.642764,161.744854,221.272904,486.940715,386.677787,335.911967,279.133204,189.990757,184.281855,166.052201,196.701883,240.264475,249.860713,472.968021,434.777444,354.317998,293.995092,273.159822,219.527028,253.602020,272.272326,290.605888,337.229927,529.641403,487.642501,412.388949,367.472532,326.765297,321.688296,298.518597,304.837292,325.212830,391.035871,575.259220,494.511805,480.678638,436.827801,403.914198,365.819326,386.099122,379.693047,402.233274,441.623105,612.812398,570.678405,548.874858,480.809391,469.972400,432.285576,456.100819,442.479995,477.142849,508.823054,671.422090,598.794965,574.085751,552.085901,519.136581,509.480210,524.368065,527.361636,578.918477,591.500623,718.441771,693.259634,657.193399,628.206383,586.019600,585.685483,585.785671,631.058818,644.481363,637.594011
17,570.408081,490.422638,399.084321,314.501506,264.033928,202.937799,134.626034,92.086616,87.774498,164.572491,555.982283,476.483261,381.779518,293.763527,223.083525,136.555977,77.462504,0.000000,60.133632,149.805075,551.865774,475.530796,404.865672,290.042224,240.877951,163.080436,100.652063,56.794552,106.416373,149.065781,560.581761,458.844356,407.665969,343.246132,248.798209,220.191967,173.736658,176.106681,189.243284,187.177753,540.498675,501.053206,417.134056,352.505664,321.343519,253.632540,261.026817,248.825121,254.789364,282.944704,592.055261,547.219337,463.650355,411.180835,359.120452,342.243749,299.648109,282.065725,292.015535,347.990965,633.711698,550.615878,529.909645,477.157634,432.452554,380.420775,381.462681,366.516200,371.578877,398.688020,664.806885,617.469896,590.124647,516.644336,493.325990,439.776814,455.548819,430.908102,448.672037,474.028961,719.304367,643.190396,611.573844,583.157108,539.041244,517.851297,521.353780,515.793323,558.242725,555.533531,762.873386,731.029208,689.220454,649.812709,602.441042,592.519393,584.075814,618.132386,624.867753,608.048168
18,629.723340,550.047374,458.876629,374.486186,323.889182,262.388406,191.676556,139.145273,88.305627,132.121228,612.538904,532.861572,439.822242,351.862984,282.103242,193.287714,136.104401,60.133632,0.000000,91.090037,606.637420,529.173714,458.004731,341.286105,290.947953,211.064798,134.797151,75.786360,72.234239,90.182403,611.453542,508.441897,457.120686,386.528480,290.128524,247.270075,185.462093,164.908081,148.391237,135.357589,585.058898,544.666720,458.402727,391.155212,352.800564,277.486414,264.810596,228.620364,223.740135,235.392522,631.582116,584.525656,494.829469,437.194721,377.634310,352.330960,296.510338,260.615118,261.519342,307.890480,669.459183,584.908921,558.665137,499.419851,446.285669,384.764997,370.838062,349.611983,340.711310,357.742302,694.768143,643.404603,611.765056,534.789680,502.015717,437.150740,446.349914,413.647894,417.976763,438.151384,745.438954,666.938264,629.964918,596.705577,544.345730,514.482579,509.109543,497.035862,531.979432,517.898385,785.852924,748.693508,702.533559,655.174665,604.223001,586.946992,571.998486,597.099143,598.722717,574.664772
19,720.211845,640.172586,548.727148,463.876440,413.653701,347.756030,273.583721,212.750427,131.634884,104.121531,703.532041,623.834101,530.868266,442.888235,372.784633,284.377655,226.847956,149.805075,91.090037,0.000000,697.114908,619.240207,547.928932,430.599107,379.929673,299.750384,219.440814,160.605142,115.650976,48.674256,699.965690,596.374031,545.105363,470.811072,374.110257,321.799857,250.671749,208.572912,147.112850,107.707028,669.235109,628.265490,540.642021,471.917583,428.150829,348.142257,315.773027,251.039173,228.540273,202.549580,711.380898,662.584263,567.910241,506.007091,440.023248,406.297890,337.155467,277.893969,263.293672,286.927562,745.597814,660.171345,628.711051,563.413310,501.910988,430.819891,397.536606,367.986893,336.123084,332.205505,764.998073,709.754460,673.711212,593.750322,550.391892,472.569477,472.343973,428.682199,410.199373,419.871624,811.272015,730.713062,688.034281,649.463126,587.687048,546.905165,528.915257,507.091670,528.718800,493.985352,847.910083,804.827209,753.814862,696.922883,641.962129,614.848390,590.678938,601.262348,594.286901,557.733291
20,154.279007,171.757715,218.077509,282.686538,315.608910,404.142452,471.997538,534.896634,617.187075,706.841230,46.079258,83.676481,185.803877,266.141134,338.530149,415.475618,475.418182,551.865774,606.637420,697.114908,0.000000,80.397638,151.032964,269.079100,319.845154,399.229425,483.058246,538.606535,602.723898,679.733524,79.902387,133.154830,172.121782,265.318608,345.247108,423.549134,496.865937,564.212295,652.835737,685.134947,177.283803,191.206439,240.471005,292.124755,354.448914,422.272463,511.526289,608.014663,652.109323,737.033005,254.762356,270.086981,326.916778,372.513051,428.681229,480.364512,546.176754,624.530808,667.962985,746.304283,317.296710,305.040687,358.262796,407.514192,466.044117,519.635944,608.175843,636.746528,713.454305,786.019489,397.761896,416.970882,447.326841,452.301382,521.094836,581.576798,631.107016,669.386793,760.501574,809.652812,469.490585,451.272169,487.505374,517.842284,565.868419,621.065747,685.702991,726.865284,805.721089,881.900960,529.635681,561.386596,576.562682,623.541179,626.080622,678.142441,721.861789,810.267025,852.543314,892.347220
21,192.543598,172.986533,182.365205,227.844815,252.179703,340.356275,403.664892,464.326135,543.897820,633.023716,105.272545,57.146013,130.183179,198.030989,268.274098,339.784382,399.900764,475.530796,529.173714,619.240207,80.397638,0.000000,71.451753,189.617860,240.516134,320.333275,403.787905,459.982057,523.148473,600.654495,97.827654,67.599256,94.409065,187.285091,264.877980,343.443247,416.488430,483.834538,572.474270,605.038744,153.918458,149.578056,173.500570,216.854059,278.240095,343.141280,432.927866,528.351540,572.146587,656.713072,238.380083,237.328527,270.400067,306.610821,356.495441,406.329820,468.868947,545.508404,588.583090,667.028554,302.942326,269.519512,313.257167,350.159101,400.545704,447.734445,533.937720,560.869297,635.739999,707.394732,378.380165,384.318461,406.073729,398.448910,460.137268,512.461619,561.200633,596.176565,684.869170,733.463206,451.490320,419.747911,446.090834,469.093913,507.647830,557.171855,618.516244,657.044565,734.884189,807.046288,511.607505,532.624092,538.705633,575.015806,571.200330,618.268322,658.169560,743.896347,784.051256,820.275149
22,234.445935,189.938507,162.373758,181.263284,194.705878,280.409281,338.915616,397.453157,474.901185,563.580904,168.285113,95.570938,95.586865,137.363721,203.256372,269.693772,329.780636,404.865672,458.004731,547.928932,151.032964,71.451753,0.000000,118.203750,169.083498,248.884870,332.361831,388.547383,451.817947,529.211611,159.201789,73.631945,50.868806,129.112535,196.170798,276.057888,347.345491,414.620111,502.279502,534.128013,179.500688,157.926533,141.537547,164.439723,221.726116,278.902003,369.484728,461.967204,504.796452,587.836782,259.902599,243.603227,246.359482,267.417239,305.937681,351.881728,407.948849,480.700181,522.829775,601.401859,321.994415,270.452304,301.198582,321.453448,359.419182,396.316318,478.050205,502.098507,573.410844,643.131108,389.696048,382.644144,394.663983,372.718934,424.075759,464.550251,511.717269,541.552107,626.040483,673.580463,461.885042,418.091783,433.422885,447.739663,474.306932,515.966404,572.389814,607.048314,683.087798,749.123663,520.635772,531.106153,527.905349,552.133638,541.044092,581.562122,616.339123,698.085298,735.260028,766.432563
23,329.554671,265.209806,197.376978,158.908493,138.350217,202.880549,243.553775,294.265856,364.740470,451.719700,282.538323,204.443393,139.812568,92.130804,118.272134,158.450025,217.421325,290.042224,341.286105,430.599107,269.079100,189.617860,118.203750,0.000000,50.915673,130.986208,214.170349,270.701139,333.651462,411.052908,270.585480,169.266076,118.556958,88.251215,89.029709,169.183286,234.160837,300.752222,386.034918,416.537900,259.331049,223.945843,156.416812,123.209174,152.966738,181.197983,270.180430,354.095865,394.457795,473.992238,324.656474,290.584749,245.413069,233.283574,241.639196,274.989044,313.563906,376.110137,415.763437,494.032314,377.973724,306.247465,312.987949,301.504712,311.328402,323.889218,392.940186,410.271721,473.044080,538.245190,430.082851,403.727021,399.053513,353.627340,381.902198,396.651527,439.041149,457.611011,532.218357,577.170498,497.055982,436.878769,433.195391,431.604158,434.803343,459.664263,504.808200,531.105781,602.395260,655.884724,551.283275,544.665059,526.253145,528.633358,504.786788,531.823320,556.012398,628.628815,659.622554,680.847948
24,373.556594,304.808409,228.558146,172.823666,137.995614,181.198830,207.967997,252.433579,318.039726,403.780397,332.177657,253.400095,179.444618,110.500037,101.781942,113.569499,170.412560,240.877951,290.947953,379.929673,319.845154,240.516134,169.083498,50.915673,0.000000,80.192634,163.278995,219.858586,282.900874,360.142615,320.526338,218.029385,166.802095,113.853393,60.273809,131.037609,188.386575,253.845444,336.984011,366.366226,302.728988,265.129980,188.677618,138.722423,146.896826,150.551811,234.623414,311.229180,349.623423,426.503683,362.477954,323.939863,264.052611,238.195373,229.934410,254.069649,280.362208,335.270238,372.993005,450.669386,411.970622,335.418452,333.247067,309.097242,305.006797,303.886612,363.974488,377.066464,434.092658,496.218410,457.784343,424.834002,413.692539,359.593461,376.205800,377.322197,416.329395,428.392027,496.691169,539.897513,521.785694,456.389752,445.131089,436.755796,429.124651,445.203936,483.858544,505.438937,573.575193,619.989008,573.591942,560.330947,535.904092,528.712375,499.359145,519.526558,538.159159,605.451738,633.047706,648.948267
25,442.805914,369.170101,284.959019,213.005717,165.712362,166.803600,162.065254,190.107936,244.333488,327.345006,409.566591,330.132828,247.275489,165.076619,117.166747,57.861887,99.440452,163.080436,211.064798,299.750384,399.229425,320.333275,248.884870,130.986208,80.192634,0.000000,84.286931,139.719309,204.430816,280.507801,400.451647,297.400148,246.080893,181.044869,90.646430,105.319442,130.177227,188.802872,264.176963,289.901051,377.473748,338.260423,255.804450,194.556755,176.923841,138.095451,199.840161,255.258152,287.910906,357.231925,431.176971,388.424968,313.792004,272.354542,240.716296,247.166351,247.681847,283.426237,315.792837,390.947377,475.932715,395.078824,382.469460,342.898741,318.962759,295.340332,336.131437,340.420560,384.236398,438.932822,513.736591,473.028620,453.668751,389.219603,388.052578,366.697441,398.460097,398.172305,452.850310,491.994144,573.231879,501.970574,480.762094,463.020962,439.349312,440.817994,467.445710,480.176419,541.466068,573.974449,621.320391,599.229100,566.710936,545.578875,508.310262,517.059984,526.048093,583.081428,604.291452,610.268186
26,525.075238,449.753633,362.909181,285.398778,235.088606,207.613943,169.052291,164.895450,188.399677,261.213105,493.853052,414.411883,329.942982,245.284777,186.731984,97.312062,80.205449,100.652063,134.797151,219.440814,483.058246,403.787905,332.361831,214.170349,163.278995,84.286931,0.000000,59.364833,120.144504,196.922576,481.301979,377.349750,326.181348,252.064950,155.474496,119.600778,86.074637,121.624348,183.711627,206.248737,450.660296,410.075355,323.606389,256.555142,221.400315,153.421211,174.396917,195.857635,219.674287,279.195710,496.987122,450.469454,363.867816,310.533406,259.830139,247.538418,218.589178,227.632009,252.006645,322.378066,536.064277,452.142075,429.609784,376.682883,334.646752,289.389709,305.927575,299.864421,326.792229,372.154804,564.854503,516.866138,489.643410,416.929213,397.888458,353.928823,376.326660,362.400928,400.331893,434.311011,618.737711,542.545123,511.645962,484.847139,445.466560,431.548914,444.418017,447.219573,499.742442,517.061875,662.240364,631.147901,590.756893,555.580303,510.977955,507.498053,506.026858,550.934954,565.027535,560.506196
27,572.541203,495.026674,405.745818,324.278694,273.098564,227.921321,171.201442,143.529425,140.255674,204.963293,547.359515,467.661141,379.033081,292.191830,227.119227,134.674982,89.642764,56.794552,75.786360,160.605142,538.606535,459.982057,388.547383,270.701139,219.858586,139.719309,59.364833,0.000000,72.907064,141.862358,539.440159,435.774079,384.513856,311.429095,214.831698,172.859696,118.450473,120.926159,150.761294,161.748443,510.024234,469.431676,382.819907,315.388166,277.632711,204.391162,204.667604,195.240581,206.272408,247.642108,555.806073,508.773372,419.921766,363.770432,307.494640,287.457896,242.856162,228.530070,242.491576,304.135956,593.853356,509.463292,484.482796,427.668470,379.094313,324.426472,324.964843,311.101729,321.348984,354.922835,620.335221,570.276514,540.455867,465.182856,438.465696,383.061560,398.862295,375.379705,397.831363,425.987191,672.311363,594.722462,560.341952,529.926474,483.440241,461.128139,464.880189,460.421186,505.045705,508.235489,714.066109,679.578485,636.007735,594.316603,546.270478,535.735014,527.544176,563.154986,571.477345,557.971603
28,643.344195,566.610916,477.907950,396.982147,345.827111,299.394031,237.968987,197.967726,160.453221,193.726874,613.994431,534.553971,448.895087,362.927243,299.438170,206.943928,161.744854,106.416373,72.234239,115.650976,602.723898,523.148473,451.817947,333.651462,282.900874,204.430816,120.144504,72.907064,0.000000,80.583160,598.064384,493.681649,442.931172,363.049926,267.185063,208.136326,135.180003,97.569678,82.834836,88.902446,560.180130,518.741604,430.203480,360.648628,314.059265,233.029489,202.963706,156.641898,152.549436,177.697401,598.563271,548.940056,452.776259,390.389950,324.686990,292.926691,229.669758,188.431591,190.323689,241.912523,631.063994,545.465360,513.118413,448.006909,388.303068,320.938044,300.255850,277.725576,269.859532,292.507779,649.383138,594.189039,558.724560,479.350801,439.805962,369.169605,375.889300,341.619536,347.215716,369.622482,695.782040,615.449474,574.001738,537.195956,479.780399,445.815478,437.736408,424.840982,460.258909,450.470453,733.019716,691.523869,642.310552,590.147540,537.518148,517.244443,500.570194,524.880974,527.023934,505.092203
29,712.997144,634.492505,544.129128,460.777955,409.763686,351.995771,281.858432,227.487798,158.710002,150.428634,689.167275,609.486579,520.414254,433.123175,365.876663,274.404665,221.272904,149.065781,90.182403,48.674256,679.733524,600.654495,529.211611,411.052908,360.142615,280.507801,196.922576,141.862358,80.583160,0.000000,677.433849,573.171540,522.232053,443.451889,347.358445,288.300889,213.788166,165.190018,98.442384,60.940725,640.748141,599.321554,510.781368,441.192557,393.830068,311.984435,272.266545,202.953840,179.905225,160.273600,678.722338,628.772256,531.304350,467.486371,399.146149,362.806287,290.975529,229.345573,214.895142,242.180612,710.218692,624.494395,590.236407,522.495257,458.368549,385.170327,349.256876,319.349874,288.636757,289.017769,726.218318,669.326669,631.648962,550.897233,504.798774,424.978135,423.906594,380.016877,363.446792,375.236551,770.401237,689.191157,644.635650,604.655175,541.012397,498.856682,480.246535,458.631969,481.572455,451.064674,805.527808,760.633553,708.450953,649.813852,594.368443,566.402197,542.006011,553.334773,547.418986,513.190107
30,234.170881,245.459613,275.373408,325.637237,349.149411,436.856189,497.844932,556.636677,633.149384,721.271424,125.874847,138.678862,227.726886,293.813307,362.118692,427.117681,486.940715,560.581761,611.453542,699.965690,79.902387,97.827654,159.201789,270.585480,320.526338,400.451647,481.301979,539.440159,598.064384,677.433849,0.000000,104.457138,155.203399,240.625455,332.059225,404.406426,481.075486,547.654829,639.379067,675.691811,102.281153,125.776711,195.405631,258.309981,320.480870,396.616826,481.962171,582.805880,628.781570,717.532512,175.499129,195.268291,265.589129,319.877307,384.153457,438.463557,511.559701,595.593399,640.517395,717.744719,237.517099,230.629892,287.669594,344.972118,410.965015,473.082583,565.098674,597.185917,678.615148,754.147068,318.219962,340.133632,373.605145,386.160297,460.278831,529.850597,580.097596,623.701707,719.427234,769.713967,389.719261,373.884169,413.534455,447.520890,502.064367,562.366963,630.460851,675.024916,755.011875,838.380088,449.819672,482.915963,500.648215,552.393348,559.121722,615.001412,662.261232,753.293017,798.134673,843.303328
31,260.124108,236.452540,229.087251,254.866599,266.919401,350.926936,405.375751,460.863253,533.869737,620.981585,168.112305,122.717551,165.862143,209.022827,270.877921,327.472208,386.677787,458.844356,508.441897,596.374031,133.154830,67.599256,73.631945,169.266076,218.029385,297.400148,377.349750,435.774079,493.681649,573.171540,104.457138,0.000000,51.321211,137.801225,227.638959,300.976429,377.182936,444.002894,535.340041,571.305597,105.975753,88.642018,108.145244,160.294312,222.964791,295.165845,382.556508,481.704084,527.068811,614.770845,187.603714,176.834949,202.810813,241.199233,295.526568,347.394969,415.106658,496.139985,540.451590,618.301387,250.718366,206.909186,246.935260,282.677785,335.125113,386.505737,475.183013,504.366165,582.576615,656.442337,321.566867,321.362410,340.217640,330.849890,393.329757,449.095159,498.399195,536.241777,627.912394,677.336463,394.414431,356.931665,380.048536,401.739899,440.384582,491.294479,554.094452,594.221811,672.826405,748.982259,453.946460,470.166971,473.284985,507.606535,503.654342,551.348444,592.290006,679.135987,720.422199,759.250897
32,278.208047,239.464961,212.076036,221.572578,226.234674,306.931851,357.756422,411.642392,483.295145,570.084099,199.550173,136.890598,144.215516,168.274983,224.812171,276.991434,335.911967,407.665969,457.120686,545.105363,172.121782,94.409065,50.868806,118.556958,166.802095,246.080893,326.181348,384.513856,442.931172,522.232053,155.203399,51.321211,0.000000,93.239066,177.836379,253.289602,328.511238,395.633575,486.235639,521.378256,145.562494,116.402405,90.918137,122.822355,183.847860,250.283995,339.407030,436.388386,480.994332,567.388007,220.108576,197.846440,195.543884,219.407796,263.546616,312.368241,374.615650,452.444799,496.034959,574.299095,279.811775,222.631175,250.734295,271.218326,312.440365,354.673951,439.807979,466.463636,541.662002,613.906848,343.850809,333.432954,344.070175,322.217034,375.597890,420.904997,469.021968,502.338731,590.469760,639.059658,415.322633,368.756850,382.699359,396.972517,425.224024,469.327178,527.955385,564.746452,641.958918,712.719116,473.441447,481.526617,477.232675,501.526204,491.383822,533.497482,570.058916,653.607288,692.350034,726.741713
33,363.460604,313.596124,263.973854,242.253494,226.336041,288.968909,321.748930,365.089039,425.350060,507.811424,291.948310,224.233178,197.613739,176.567696,204.928492,225.681129,279.133204,343.246132,386.528480,470.811072,265.318608,187.285091,129.112535,88.251215,113.853393,181.044869,252.064950,311.429095,363.049926,443.451889,240.625455,137.801225,93.239066,0.000000,96.709198,163.827817,240.863189,307.130443,399.267467,436.915460,198.595414,158.190486,75.367670,39.370513,92.644631,157.625499,246.228643,344.102785,389.293661,477.108227,250.519652,210.235935,157.170990,151.362952,177.902848,222.769612,281.600980,359.426464,403.285910,481.410050,298.269902,221.878466,224.857260,216.370124,237.540551,267.577503,349.139745,374.263763,448.486727,520.704123,344.868903,315.831011,311.008621,268.871176,305.846136,336.847402,383.291482,412.487177,498.310261,546.514525,410.376120,348.758057,345.632429,346.746446,357.952119,391.998908,445.146511,478.351786,554.044559,621.002078,463.799902,456.441274,439.159681,446.336921,426.982678,460.666930,491.357296,570.695119,606.757488,637.345969
34,417.864718,354.209934,283.619347,232.652228,198.049768,233.521967,247.073714,280.488527,332.988012,413.193707,364.321076,288.595528,228.677470,168.843935,159.318678,143.820417,189.990757,248.798209,290.128524,374.110257,345.247108,264.877980,196.170798,89.029709,60.273809,90.646430,155.474496,214.831698,267.185063,347.358445,332.059225,227.638959,177.836379,96.709198,0.000000,80.919334,151.623385,218.968507,308.555491,343.678707,295.258147,254.600925,168.648873,104.345402,92.049785,93.021428,181.176208,266.945306,308.870138,391.893173,343.265619,298.912314,223.614615,186.980433,170.642835,193.906492,225.024715,287.782579,328.341712,406.835905,386.042137,304.579142,292.580872,258.264890,246.855694,243.695994,306.266708,321.856740,384.120092,450.194020,423.139373,383.562218,366.790861,307.036223,317.910792,317.127318,356.627499,370.888863,443.352816,488.146792,483.215101,413.264384,395.851374,383.094506,370.658566,385.007928,423.900218,446.589771,516.006084,566.995415,532.188682,513.136043,484.470156,472.106541,440.803302,459.494080,477.923429,545.976751,574.592112,593.060503
35,498.581927,433.645730,359.570932,300.422493,259.016898,271.946293,262.365691,276.855577,307.964337,377.821457,444.342967,369.271981,307.911416,241.028964,213.555450,161.251344,184.281855,220.191967,247.270075,321.799857,423.549134,343.443247,276.057888,169.183286,131.037609,105.319442,119.600778,172.859696,208.136326,288.300889,404.406426,300.976429,253.289602,163.827817,80.919334,0.000000,77.720840,143.313041,235.811100,275.074318,355.306852,313.510049,224.387515,154.302284,106.395488,35.245343,103.702109,186.156117,228.819712,314.100599,390.445406,340.918850,247.647261,191.262146,142.589044,142.115715,150.163645,206.984260,247.454181,325.975497,423.922458,338.706187,311.630030,257.115853,219.663813,190.024676,236.128152,246.462995,304.146677,369.312745,447.571373,397.776018,370.064905,298.249004,286.533648,261.533704,294.709814,299.839097,365.662603,409.209983,499.758379,423.035902,392.596255,368.097900,336.730300,335.514433,363.523711,379.468198,444.716813,489.014715,542.690139,512.093750,473.538234,444.742529,404.897267,411.784832,421.353187,481.374563,505.659429,518.425571
