node_id,0,1,2,3,4,5,6,7,8,9,10,11,12,13,14,15,16,17,18,19,20,21,22,23,24,25,26,27,28,29,30,31,32,33,34,35,36,37,38,39,40,41,42,43,44,45,46,47,48,49,50,51,52,53,54,55,56,57,58,59,60,61,62,63,64,65,66,67,68,69,70,71,72,73,74,75,76,77,78,79,80,81,82,83,84,85,86,87,88,89,90,91,92,93,94,95,96,97,98,99
0,0.000000,108.668109,135.377526,248.335515,314.925606,390.276414,457.913147,536.307070,594.237106,669.483200,88.734325,150.264191,209.606597,256.267820,351.789056,415.742688,474.816178,564.017273,624.669111,699.702241,193.782533,215.442218,235.899627,314.850771,365.918898,428.758147,526.302592,582.507416,646.004488,732.385276,258.383315,288.597232,327.796907,340.927339,383.453955,483.118052,563.158712,601.901199,695.164755,765.457685,309.787903,341.807338,357.553680,413.495094,484.085932,549.671173,593.467621,654.186398,735.478456,803.474187,377.125968,402.832532,413.013445,449.219136,540.053919,577.105261,618.447119,680.177398,754.894903,818.247132,472.198378,495.559305,499.728025,571.264838,609.267717,631.002048,690.226563,752.823791,781.723514,890.900258,552.309179,561.520949,575.803492,606.009905,653.552703,706.694223,746.201985,776.442847,840.192177,927.296258,614.197249,645.680775,656.354511,669.039481,732.322692,772.507732,795.217236,882.659489,928.882675,981.844659,714.680343,695.291526,749.670281,742.730308,781.110095,839.940513,878.967530,927.136556,950.990348,1021.942293
1,108.668109,0.000000,40.760496,141.377554,209.268043,284.739794,352.852956,431.389176,491.598436,566.699188,102.436203,86.746005,103.488840,148.332731,243.351935,307.294159,367.419786,456.281781,517.036480,592.913947,167.773129,153.845648,148.815444,214.310348,259.964073,320.735876,417.814764,474.104963,537.735950,624.057301,241.697641,225.833859,247.152870,248.357879,282.430620,379.482883,456.592340,493.473749,586.534523,656.902447,282.206112,287.396161,285.105890,322.106424,387.815713,448.411446,490.070227,548.978085,628.665693,695.805454,351.039478,346.148787,346.510241,370.358254,450.444297,482.285555,517.384303,577.622480,648.696888,711.098627,440.038597,448.733828,439.600567,493.201777,524.396459,536.000742,592.568689,651.376855,678.719449,786.407417,517.620584,516.973481,511.944617,536.138598,574.904673,620.740561,653.833925,679.695144,740.910245,823.987251,578.401789,595.562520,595.363276,598.300342,653.978844,688.225356,704.525599,788.556802,831.137280,882.777976,678.897960,649.838660,692.563863,675.213675,703.477300,759.874158,792.748560,836.858895,857.105432,923.508476
2,135.377526,40.760496,0.000000,115.113082,180.019403,255.154598,322.613316,400.961834,459.067203,534.305991,142.969852,119.768783,100.612911,136.573016,220.768230,284.334239,340.797248,430.298221,490.723948,564.905677,204.247645,181.637180,163.924184,213.955252,250.398605,305.063296,399.294661,450.340924,513.274762,599.729503,277.909863,249.886659,261.800011,254.743984,279.775128,372.139312,443.828032,475.029523,566.241351,637.228770,315.531022,312.942563,303.139404,327.774063,388.469094,443.455161,482.208710,538.200796,614.715243,679.658306,383.716694,369.770768,366.111202,383.425818,455.765165,483.300931,512.186228,570.381834,635.890603,696.217011,470.300745,474.566530,460.669571,505.332058,532.276234,536.485935,590.402764,645.130360,670.546733,775.981364,546.601898,542.985745,530.795456,552.092935,586.106119,627.326033,655.788982,677.970597,736.625206,815.057510,606.699723,619.185211,614.840178,613.425202,664.899087,695.535919,707.506099,788.670050,828.049455,878.337805,706.722312,674.774136,713.095906,691.431934,714.552446,769.378667,798.443607,839.690663,857.199504,919.580697
3,248.335515,141.377554,115.113082,0.000000,68.531826,143.665187,211.887100,290.370179,351.974054,426.773237,232.143498,170.464873,75.492399,56.409772,106.076144,169.315042,226.480928,315.736491,376.346589,451.640794,249.497554,198.582813,148.298571,141.618823,152.147789,195.078473,285.867532,335.244585,398.285376,484.737005,314.225586,242.194603,223.323940,194.002289,193.920439,272.700854,335.415872,361.394636,451.604418,522.755785,335.446268,303.241831,270.051480,258.184057,304.007529,346.503089,379.929695,431.397358,504.093835,567.072277,396.533606,349.211568,332.807909,329.873601,379.433387,396.843359,413.705029,468.090501,526.304057,584.563467,469.103988,456.450140,427.119746,444.323240,459.908307,447.927109,496.123307,543.710655,566.256939,668.474931,537.833579,523.237856,487.960750,500.219543,520.722128,550.169527,568.472200,583.589471,637.588163,709.192570,593.763599,589.244896,571.787956,557.837973,597.413649,619.076673,621.677896,696.704697,730.402318,778.371009,690.022786,648.188593,671.453456,637.474408,646.745153,697.132729,717.380440,752.480830,764.777465,820.229188
4,314.925606,209.268043,180.019403,68.531826,0.000000,75.496426,143.590668,222.124440,283.458886,358.241485,300.431109,235.737987,137.035584,98.572531,58.676239,112.301411,161.397987,251.016665,311.117762,384.893301,310.556577,254.375104,197.845573,158.512655,137.873300,154.627410,233.246332,273.167013,334.991269,421.312715,370.826802,285.676469,252.581294,211.650504,189.042842,245.099344,292.309442,307.090884,393.359285,464.850370,385.785778,342.290940,298.757885,262.467709,291.822522,318.998109,344.841130,389.075676,454.922443,513.818899,442.328094,380.737647,357.890664,342.040199,371.611340,379.069481,382.589932,431.347222,478.690196,533.039331,506.891830,485.893366,448.554497,446.835730,453.084236,426.767505,468.163122,507.064814,525.828883,623.038593,570.517600,550.323410,501.986517,507.909931,518.113352,537.489879,546.393604,554.315630,602.771307,665.740617,623.355828,609.303839,583.981601,561.765009,591.845081,605.962393,600.307000,668.746032,696.389535,741.554036,716.312558,669.367676,683.078796,641.288676,640.238564,686.535018,699.249905,728.576083,735.849263,783.863094
5,390.276414,284.739794,255.154598,143.665187,75.496426,0.000000,68.230853,146.709086,209.385362,283.687478,374.517535,306.597927,207.163160,162.761422,67.753016,65.590656,89.789131,178.468928,237.633799,309.922240,376.639712,316.709341,257.213475,196.078809,149.555001,127.839307,178.631699,203.750280,263.500932,349.281170,431.863610,336.353842,291.968956,243.496573,201.246929,224.238657,248.128879,247.384697,327.315227,398.629360,440.490263,387.077930,335.257719,276.823475,286.063714,293.483432,308.824342,342.715627,399.026825,452.543550,491.642515,417.101355,388.530705,360.124187,366.823898,362.614421,350.162776,390.822724,424.343157,473.589789,547.073049,517.773828,472.883719,451.026209,446.788146,404.838465,437.264459,465.256963,479.326484,569.802778,604.493249,578.668152,517.310469,516.289285,514.999409,522.745977,520.819969,520.358367,561.824594,614.425766,653.408982,629.323089,595.883112,565.029691,584.139087,589.615970,574.724251,634.893044,655.454242,697.135069,741.865049,689.866145,693.055003,643.233925,630.798096,671.976140,676.137929,698.713189,700.296768,739.671673
6,457.913147,352.852956,322.613316,211.887100,143.590668,68.230853,0.000000,78.536690,142.132173,215.824696,442.536054,373.485085,274.181334,228.395709,126.529528,85.795933,45.895519,119.507573,175.196233,243.770839,441.016050,379.528369,319.246409,249.028009,191.851563,144.331691,152.011219,150.322358,204.533158,288.403881,493.154793,392.459873,342.171079,290.772943,238.378235,232.172855,228.998250,207.800301,275.928591,345.932980,497.883749,438.749828,382.489660,310.657096,303.352007,291.982619,295.565227,316.409922,359.774319,405.733610,545.124465,462.625867,430.548661,393.626179,381.478755,366.842039,339.005710,369.652192,386.504365,428.809356,593.716963,558.643703,508.686690,471.078008,457.845798,402.465006,425.085851,440.970958,449.618082,531.331263,646.043476,616.171555,545.327756,538.617159,527.485253,524.545605,512.277553,503.390158,536.945609,577.702515,691.544174,659.736587,620.019903,582.272214,591.433188,588.871882,565.327714,616.494163,629.550246,667.204545,775.790095,720.110541,714.546525,658.341910,635.909253,671.901492,667.914293,683.668080,679.530544,709.666368
7,536.307070,431.389176,400.961834,290.370179,222.124440,146.709086,78.536690,0.000000,69.354844,139.177627,520.516770,450.212623,351.237920,304.497910,200.600162,147.718744,79.883180,70.436456,108.906211,168.082873,515.077885,452.350673,391.755445,315.254168,252.495432,190.715764,152.273238,106.841630,143.528467,220.930821,563.980200,459.021186,404.088535,351.278627,292.375052,259.986266,226.837335,179.900523,224.230725,289.837644,564.845269,500.670410,441.004063,358.632515,335.760542,305.253749,295.043843,298.363216,322.460918,356.654809,607.903347,518.327414,483.305833,438.833268,407.938352,382.642511,338.528252,355.613147,350.225562,382.022019,649.211972,608.552924,554.043402,500.776133,478.207577,409.540131,419.987683,420.630400,422.202326,491.036016,695.847169,662.008467,582.082189,569.452343,547.881698,533.096181,509.177304,490.471118,513.690404,538.973005,737.391587,697.643285,651.633074,606.935556,604.964614,593.341967,560.174770,599.815801,603.593607,635.855751,816.513056,757.282023,742.248311,679.632199,646.325166,675.938319,662.575547,670.102124,659.180993,677.785039
8,594.237106,491.598436,459.067203,351.974054,283.458886,209.385362,142.132173,69.354844,0.000000,75.246110,583.710333,515.581885,416.229977,370.497324,267.721705,216.901001,149.224985,111.344004,112.269444,135.457409,582.555756,520.367393,459.847588,384.490526,321.837551,259.063722,208.608839,141.429940,148.416690,205.040455,632.683431,528.304297,473.397900,420.544291,361.109017,322.517876,276.957210,216.323923,232.574964,288.198103,634.126705,569.944214,510.012663,425.990219,398.704535,360.642803,343.285381,334.734722,341.140561,361.243640,677.199059,586.837569,551.311923,505.117780,467.704028,437.762917,385.508398,393.000702,368.880517,388.483109,717.539925,675.646030,619.964897,561.135395,534.416658,459.505944,462.144136,451.478518,447.027633,502.022128,762.770942,727.814270,644.906021,629.888349,603.504764,582.295592,551.245447,525.784527,540.336003,550.763433,803.058498,760.525106,712.027783,664.303089,656.435250,639.445388,600.189516,630.718485,626.641524,653.608517,880.217900,819.707260,800.476223,734.892660,695.671374,721.092567,701.441396,702.747737,686.446342,694.594604
9,669.483200,566.699188,534.305991,426.773237,358.241485,283.687478,215.824696,139.177627,75.246110,0.000000,658.203156,589.058116,489.885756,443.508486,339.774905,285.450823,216.581277,155.082431,123.100661,95.101431,654.175512,591.226985,530.610906,452.058190,387.425141,320.457073,253.594285,173.004151,149.444411,172.634430,702.047270,595.189038,537.797052,484.649850,422.664611,371.460059,310.817468,239.165719,223.830712,264.065420,700.875670,633.654126,572.018668,482.846406,446.948453,398.265621,372.169576,349.836152,336.092294,340.023173,740.942843,646.354285,609.236722,558.780637,509.752866,473.353406,411.510163,407.135232,362.602956,368.221770,775.984087,730.431856,672.109348,603.113285,570.163201,487.641422,480.232468,456.297239,445.069369,483.488767,816.813665,779.218441,690.583370,671.427699,637.627900,607.520226,567.591825,534.263360,538.390222,532.154833,853.878234,805.703423,752.955211,700.579752,684.012087,659.856275,613.253694,632.325068,619.239682,639.951723,926.561352,863.766120,837.278713,767.401738,719.921609,739.448097,711.895749,705.581674,683.126111,679.422464
10,88.734325,102.436203,142.969852,232.143498,300.431109,374.517535,442.536054,520.516770,583.710333,658.203156,0.000000,81.659765,171.326566,220.079383,323.881555,386.205729,451.080880,537.560594,598.237401,676.581866,105.127717,134.761495,169.324602,257.640608,317.324547,386.410491,486.012478,551.141938,615.315238,700.594818,170.778727,204.895869,251.330215,273.165867,324.436052,426.401014,512.505571,560.086028,655.537358,723.937686,221.320285,254.832080,276.003590,342.625104,416.717369,487.857192,534.804555,598.820971,684.101524,755.152997,289.109722,315.769551,328.369971,369.225901,465.783508,507.035491,555.585433,619.196244,701.429894,767.603853,383.850343,406.962223,412.796818,489.717029,531.104142,560.621392,622.264375,689.526569,720.858263,832.430225,463.887014,472.799993,489.371824,521.098612,571.790271,628.611649,672.620174,706.925715,773.366412,866.295700,525.763129,557.125022,569.088446,584.153145,650.077741,693.117087,720.029633,810.007379,859.816558,914.189744,626.341069,606.559779,661.654258,656.701124,698.387013,758.123709,800.355163,851.143218,877.901545,953.381372
11,150.264191,86.746005,119.768783,170.464873,235.737987,306.597927,373.485085,450.212623,515.581885,589.058116,81.659765,0.000000,99.436190,145.901064,250.514089,310.938129,377.625201,462.133627,522.457276,601.754320,85.982074,69.601271,88.466510,175.990251,236.472488,306.585006,406.234597,473.770317,537.888836,622.523636,158.751872,143.652472,177.547845,193.417271,242.871404,344.780708,430.966246,479.736128,575.460856,643.371659,196.075691,202.973052,209.029193,264.623136,337.228868,406.895743,453.406752,517.201666,602.464860,673.660972,264.649718,262.879777,267.347325,299.453630,390.204480,428.897971,474.922455,538.200704,619.774052,685.977897,353.299497,363.458145,358.083314,421.934726,459.017424,482.704286,543.289873,609.082145,639.906420,751.154116,431.025696,431.480962,432.271668,459.582236,504.213420,556.432343,596.694014,628.705282,694.063660,785.438081,491.943938,511.413248,514.706855,522.384498,583.155822,622.342383,645.289047,733.545800,781.476054,835.276724,592.535405,564.776211,610.672461,597.698620,632.186237,690.462279,728.714107,777.079189,801.740377,874.859309
12,209.606597,103.488840,100.612911,75.492399,137.035584,207.163160,274.181334,351.237920,416.229977,489.885756,171.326566,99.436190,0.000000,48.902036,152.720872,214.895667,280.038463,366.234744,426.922636,505.309226,174.503112,123.554264,78.764285,113.532143,156.642414,219.820116,318.435394,380.331867,444.471585,530.094978,238.782769,173.670156,168.794749,155.053755,180.364263,276.083710,353.662215,393.628103,487.975965,557.568142,261.635718,236.656667,213.437335,227.516490,288.124062,345.629638,386.660351,445.562109,525.927532,593.957554,324.530847,287.657150,277.282790,286.883233,355.277303,382.950266,414.576724,474.333666,545.599832,608.643439,401.362229,394.864938,372.661028,407.457980,432.293688,436.283541,491.151455,548.331156,575.320539,682.930313,473.072595,462.780687,439.120128,457.123991,487.465142,526.951202,555.338678,578.573743,638.548315,720.534505,530.846165,533.863401,523.462219,517.472667,565.982770,595.279292,606.943952,688.665112,729.339775,780.397040,628.983807,591.403744,622.646610,596.230369,615.652207,669.738976,697.897726,739.158579,757.217573,821.349416
13,256.267820,148.332731,136.573016,56.409772,98.572531,162.761422,228.395709,304.497910,370.497324,443.508486,220.079383,145.901064,48.902036,0.000000,104.652399,166.148496,231.908107,317.536796,378.174547,456.781104,214.078075,156.028085,99.468479,87.454463,113.831247,172.501778,270.375737,331.430517,395.569549,481.209040,272.388375,190.003275,167.079434,138.450726,146.557199,235.632466,308.739629,345.808570,439.728042,509.598339,287.796973,249.442752,213.867751,205.180672,256.959592,307.449794,345.635716,402.197451,480.551017,547.477362,346.038561,293.583324,276.453815,274.364260,329.405047,351.261508,375.991812,433.815712,500.945234,562.833156,415.258996,400.645637,370.710223,390.428197,408.899981,403.628172,455.409649,508.633143,534.007650,639.952403,482.702727,467.188725,431.883579,445.018169,468.003328,501.034058,523.791252,543.068024,600.516392,678.645043,538.101013,532.835233,515.826683,503.282493,545.399165,569.842473,576.347809,654.787224,692.309138,742.118710,633.972542,591.797044,615.483758,582.805509,594.911137,646.647386,670.069409,708.013072,723.199588,783.492908
14,351.789056,243.351935,220.768230,106.076144,58.676239,67.753016,126.529528,200.600162,267.721705,339.774905,323.881555,250.514089,152.720872,104.652399,0.000000,63.953841,127.331258,214.111433,274.923710,352.722900,314.834112,253.007263,192.725175,128.391429,87.886617,96.148945,180.320848,230.753226,294.438202,380.716060,366.836306,268.938718,224.431125,176.819887,140.655449,186.869927,235.016893,255.594111,345.560634,416.682893,373.500030,319.337075,268.188774,216.236460,237.152912,260.557038,286.278608,331.783249,400.347401,461.736184,423.946892,350.249846,322.832981,298.514356,317.722126,322.084274,323.914379,373.028854,423.403662,479.848687,479.808597,452.071564,409.338644,396.690886,399.008913,368.948798,409.549059,448.794112,468.240795,567.004738,538.412249,514.047700,457.482889,459.855849,465.296810,481.258113,488.256568,495.643554,544.342017,609.064311,588.392789,567.725954,537.846316,511.541430,537.644546,549.466912,542.214005,610.087553,637.916717,683.425396,678.359409,628.168724,636.147512,590.667146,585.587232,630.555715,641.569502,670.129331,677.173404,725.684027
15,415.742688,307.294159,284.334239,169.315042,112.301411,65.590656,85.795933,147.718744,216.901001,285.450823,386.205729,310.938129,214.895667,166.148496,63.953841,0.000000,68.917463,151.398398,212.031777,290.837511,370.085305,306.357349,245.785069,167.596461,106.798978,64.156350,121.154973,166.816353,230.586196,316.805142,416.619351,311.449308,258.172250,206.075048,152.605029,159.625125,185.073825,194.822422,282.621813,353.955936,417.261735,354.912876,297.383138,225.479222,224.793927,227.962773,243.893018,280.971501,343.109776,401.543299,461.806072,377.069673,344.756291,308.738224,304.915136,297.892895,284.842929,327.132822,367.311202,420.768303,508.211725,472.885414,423.500342,391.626866,383.915173,339.389135,371.905334,402.110106,417.970774,512.187086,560.271482,530.782487,462.402068,458.146773,452.722455,457.893702,455.234265,455.460740,498.557423,555.677917,606.099887,576.113275,538.822916,504.618155,520.465933,524.475468,509.145434,570.078387,592.284580,635.192177,691.231001,636.598439,634.742057,582.083801,566.671634,606.974799,610.549750,633.421237,635.831783,677.676677
16,474.816178,367.419786,340.797248,226.480928,161.397987,89.789131,45.895519,79.883180,149.224985,216.581277,451.080880,377.625201,280.038463,231.908107,127.331258,68.917463,0.000000,89.619657,149.932187,225.880381,438.726814,375.185921,314.589495,235.813995,172.613641,112.856927,106.117743,114.061276,174.005987,260.110880,485.466045,379.411991,324.213381,271.438898,213.312666,192.466398,183.225848,164.207996,238.456321,309.519351,485.225384,420.817126,361.440781,281.586324,266.036553,248.572449,250.098490,270.726859,316.674373,365.814044,528.033589,439.364797,405.046290,363.133043,342.256106,324.371890,293.655320,323.766878,343.034021,387.957523,570.415890,531.378509,478.542875,433.348856,416.909112,358.293480,379.490891,395.253461,404.494526,488.266117,618.803863,586.465482,510.770131,501.492668,486.724705,480.900489,466.943600,457.507933,491.329470,534.180805,661.926126,625.899891,583.353331,542.965283,548.962755,544.598179,519.856964,570.601636,584.076445,622.286036,743.464636,685.998733,676.498353,618.069991,592.801652,627.644673,622.493092,637.803078,633.703224,664.782251
17,564.017273,456.281781,430.298221,315.736491,251.016665,178.468928,119.507573,70.436456,111.344004,155.082431,537.560594,462.133627,366.234744,317.536796,214.111433,151.398398,89.619657,0.000000,60.826840,139.776957,518.202994,453.544981,393.516966,308.536100,241.693807,170.693413,99.485191,36.426650,85.400386,170.812427,559.454578,448.709243,388.344028,335.311077,271.312799,216.684291,165.639963,110.345113,158.440335,227.192897,553.520108,482.904445,420.026032,328.377428,292.505041,249.690113,232.355876,229.472053,252.489814,290.183369,589.845139,492.570455,454.870652,403.702752,358.268443,326.626443,274.993027,287.230046,280.178619,314.675009,621.595391,575.373471,517.112253,451.825082,423.401584,348.402927,353.747037,350.764116,351.779974,421.962335,661.731644,624.358703,537.440950,520.493943,492.332836,471.437312,443.038396,421.707941,443.403884,469.627806,699.153098,652.889938,602.489421,553.481697,545.216349,529.556416,493.163577,530.143610,533.163810,565.589966,773.298614,711.551416,689.842430,623.631005,584.843310,611.632861,595.200234,600.837087,589.022536,607.579501
18,624.669111,517.036480,490.723948,376.346589,311.117762,237.633799,175.196233,108.906211,112.269444,123.100661,598.237401,522.457276,426.922636,378.174547,274.923710,212.031777,149.932187,60.826840,0.000000,80.882237,577.051235,512.159399,452.460062,366.002131,298.779572,226.450832,141.215127,56.567535,36.884827,113.432590,616.268915,504.121184,442.153015,389.529667,324.340315,258.026874,189.152886,116.066613,121.262503,182.371316,608.081111,535.192335,471.299577,375.836434,331.510665,277.114470,249.152483,228.870111,228.875786,252.271658,641.449483,540.826268,501.898794,446.984201,389.757085,351.166568,288.441437,286.825952,256.611093,278.809712,668.004941,618.477445,557.948772,482.654396,447.767884,364.541659,358.738315,341.265140,335.178603,391.104576,703.693908,663.899714,571.660798,550.574940,514.847335,484.682353,446.885675,417.171695,428.635897,439.708281,737.832824,686.181347,631.694481,578.104051,560.989485,538.014943,493.983346,519.920045,514.421177,541.537780,807.409735,743.581676,714.781340,644.377308,597.309500,618.304565,594.055943,592.389682,574.676153,582.663517
19,699.702241,592.913947,564.905677,451.640794,384.893301,309.922240,243.770839,168.082873,135.457409,95.101431,676.581866,601.754320,505.309226,456.781104,352.722900,290.837511,225.880381,139.776957,80.882237,0.000000,657.633606,592.819021,532.987685,446.857524,379.650909,307.321594,219.642102,136.024533,82.427782,77.533206,697.144959,584.853938,522.559971,470.079199,404.676469,334.035148,256.898403,179.014476,136.239785,169.260662,688.597866,615.031463,550.827186,453.942859,405.342450,344.263070,309.193267,274.355466,246.908658,245.304352,720.924018,618.854702,579.374197,522.538977,457.826106,414.466129,344.083085,329.096107,272.369344,273.550137,744.772522,693.294360,631.459717,549.228823,509.379211,420.352477,403.870646,370.742136,355.899273,388.797107,777.520414,736.120362,640.267291,615.989251,574.029433,535.454077,488.563405,450.074043,448.462664,437.382315,809.192813,753.474787,695.831291,638.587792,613.274684,583.080399,531.366967,543.529143,526.818071,545.826553,874.937103,809.585528,774.627871,700.735907,645.850876,660.437319,627.592580,617.047478,591.960616,584.968199
20,193.782533,167.773129,204.247645,249.497554,310.556577,376.639712,441.016050,515.077885,582.555756,654.175512,105.127717,85.982074,174.503112,214.078075,314.834112,370.085305,438.726814,518.202994,577.051235,657.633606,0.000000,65.225344,124.690231,213.056447,279.937755,352.911066,450.449034,525.051843,588.270590,670.261377,73.924512,111.880804,171.462546,208.318610,270.260991,370.085585,461.806333,520.017809,616.036846,680.713324,118.398353,152.380487,184.223999,267.668109,344.551299,421.939611,472.225522,539.442021,628.583368,702.606604,187.343002,212.705379,229.419704,277.719866,381.639154,428.479049,486.577253,551.687938,642.857971,711.852612,280.589850,301.835584,309.578378,394.124526,440.178605,480.720872,544.965788,617.845209,652.101685,765.704696,360.263476,367.772806,386.658888,420.404502,475.332050,537.002636,586.957986,626.563354,696.075401,795.968426,422.039407,452.004901,465.190323,483.297449,552.593924,599.335813,631.824913,724.679424,778.944388,834.854371,522.791359,501.586715,556.907268,554.216354,600.101585,660.861340,707.169292,761.204155,791.652578,872.667669
21,215.442218,153.845648,181.637180,198.582813,254.375104,316.709341,379.528369,452.350673,520.367393,591.226985,134.761495,69.601271,123.554264,156.028085,253.007263,306.357349,375.185921,453.544981,512.159399,592.819021,65.225344,0.000000,60.618197,147.840232,214.724517,287.708330,385.252506,459.938406,523.090105,605.038768,116.479326,74.228285,117.183671,146.466191,206.300445,307.115878,398.036953,455.090923,551.158526,616.241301,139.226499,133.741528,142.215926,211.018841,286.923189,362.019213,411.338540,477.788941,566.127941,639.613614,204.826531,193.330929,198.454140,234.768650,331.606911,374.665871,428.077404,492.749942,581.189044,649.574653,288.799997,294.891689,288.515491,356.099153,396.376454,427.872775,490.665747,560.801804,593.853819,706.822693,365.010420,363.130458,362.964070,391.186622,438.346833,493.895787,538.375174,574.236739,641.992089,738.569263,425.313448,442.177721,445.192079,454.128172,516.999781,558.654383,585.408310,675.924513,727.090913,782.089547,525.573084,496.048869,541.071294,528.831276,565.704254,624.766930,665.745027,716.408272,743.653767,820.779091
22,235.899627,148.815444,163.924184,148.298571,197.845573,257.213475,319.246409,391.755445,459.847588,530.610906,169.324602,88.466510,78.764285,99.468479,192.725175,245.785069,314.589495,393.516966,452.460062,532.987685,124.690231,60.618197,0.000000,91.446765,156.692865,229.317086,327.901487,400.830361,464.302488,547.052714,174.664379,95.027273,98.584181,105.282870,155.733519,257.826238,346.042705,399.264630,495.382278,561.741014,188.434027,157.893078,139.295995,177.618604,249.000143,318.576286,365.572526,430.104895,516.485698,588.666709,248.246370,209.833757,202.601481,221.589423,304.783310,341.326357,386.490238,449.908763,533.045990,600.062188,322.778965,316.718920,297.625760,344.392576,376.592054,395.206291,455.171708,520.621323,551.592242,663.114221,394.330392,384.837013,366.904997,388.614810,426.101017,473.458349,510.440196,540.918068,605.780232,697.081758,452.282651,457.658611,451.011707,450.347739,505.182228,540.435468,559.876370,646.764152,693.570287,747.110990,550.722893,514.496572,549.487617,527.918537,554.667753,611.254093,645.736849,692.010326,715.110719,786.848258
23,314.850771,214.310348,213.955252,141.618823,158.512655,196.078809,249.028009,315.254168,384.490526,452.058190,257.640608,175.990251,113.532143,87.454463,128.391429,167.596461,235.813995,308.536100,366.002131,446.857524,213.056447,147.840232,91.446765,0.000000,67.303235,140.236323,237.429713,312.841670,375.613408,457.209214,251.046444,143.892127,96.239811,53.780206,68.615407,169.293370,255.224307,307.989791,404.117841,470.296584,249.680298,191.066420,141.140237,117.800388,174.591934,234.918230,279.008094,341.575154,426.480667,497.962570,296.451114,223.407906,199.378079,188.668011,243.391799,269.418960,303.800373,365.344738,443.885682,510.004902,351.895842,327.593551,290.723466,303.073549,322.084994,322.770718,378.303725,438.108957,466.940430,576.827225,412.787049,391.811198,347.739753,358.664112,380.575299,415.250707,441.842880,465.541881,526.724323,612.547915,464.941630,452.203182,431.126034,416.270131,458.099180,483.894246,493.586773,575.208647,616.828893,668.579676,557.879378,511.954095,530.750346,495.882470,507.649953,559.908443,585.395921,625.742690,643.766687,709.227522
24,365.918898,259.964073,250.398605,152.147789,137.873300,149.555001,191.851563,252.495432,321.837551,387.425141,317.324547,236.472488,156.642414,113.831247,87.886617,106.798978,172.613641,241.693807,298.779572,379.650909,279.937755,214.724517,156.692865,67.303235,0.000000,73.005522,171.237384,245.545579,308.420307,390.480781,317.779994,207.912284,151.696988,99.296807,52.770479,122.105697,197.303228,243.483772,339.440390,406.920517,313.478298,248.403442,190.674170,128.445987,155.089005,194.981339,231.818435,289.040241,369.667425,438.840000,355.512039,270.927612,240.091361,211.151824,234.040958,245.709132,262.982236,320.032773,389.009034,452.670444,401.933454,369.077201,323.335640,309.665097,315.501426,296.066783,344.214714,394.992727,420.185935,526.618986,456.152816,429.225797,369.700341,372.164994,380.240260,401.783435,416.603907,431.782636,487.456072,564.921263,504.099746,480.492461,449.962952,424.612834,454.226076,470.559077,469.989760,544.633429,579.704650,628.853972,592.344254,540.994549,548.326843,503.972272,502.812518,550.242733,566.700179,600.472333,612.775814,670.392908
25,428.758147,320.735876,305.063296,195.078473,154.627410,127.839307,144.331691,190.715764,259.063722,320.457073,386.410491,306.585006,219.820116,172.501778,96.148945,64.156350,112.856927,170.693413,226.450832,307.321594,352.911066,287.708330,229.317086,140.236323,73.005522,0.000000,99.656019,172.659054,235.414851,317.743025,389.825558,278.102587,217.932691,164.802915,102.348289,96.486726,140.426005,174.003404,269.135008,338.017542,382.828889,313.283422,251.692930,168.735456,160.860762,167.517588,190.222676,236.804513,309.723769,375.185325,420.528671,327.773934,292.612884,250.611332,240.788703,234.823804,228.582258,276.893825,331.405158,391.198839,458.539445,418.536819,365.993478,328.105913,319.796125,278.119564,314.872635,352.671826,372.700023,473.441763,505.954536,473.844558,400.996400,395.063470,388.566283,394.979271,395.747055,400.306527,448.196453,514.555252,549.304959,515.467551,476.138691,440.704198,456.581982,462.063078,449.762484,514.900252,541.784453,587.358315,631.972169,575.812681,571.443684,518.005514,503.034273,544.278236,550.346907,576.135732,581.676421,629.589084
26,526.302592,417.814764,399.294661,285.867532,233.246332,178.631699,152.011219,152.273238,208.608839,253.594285,486.012478,406.234597,318.435394,270.375737,180.320848,121.154973,106.117743,99.485191,141.215127,219.642102,450.449034,385.252506,327.901487,237.429713,171.237384,99.656019,0.000000,84.660385,141.521613,220.054686,482.966680,368.665373,304.704520,253.120191,187.098389,118.058977,77.734187,75.765846,169.654141,239.224822,470.819916,395.768778,331.324728,234.666577,193.357555,153.156791,145.710032,165.765482,222.002623,281.419185,501.350963,399.665841,360.685400,306.542174,259.210563,230.572027,189.508106,217.739433,246.498999,299.906494,526.867741,478.259292,418.855803,352.721497,326.617068,258.003077,274.260841,289.924022,301.375503,391.712247,564.067396,525.715499,437.955768,421.448336,396.100786,381.531632,362.422064,351.403640,386.295489,435.915228,600.297261,553.412054,503.538569,456.056185,452.764311,443.099352,414.875404,464.518869,479.454971,519.395381,673.820743,612.129840,592.015223,527.790325,494.550203,526.007683,517.586441,531.729907,527.877865,561.943103
27,582.507416,474.104963,450.340924,335.244585,273.167013,203.750280,150.322358,106.841630,141.429940,173.004151,551.141938,473.770317,380.331867,331.430517,230.753226,166.816353,114.061276,36.426650,56.567535,136.024533,525.051843,459.938406,400.830361,312.841670,245.545579,172.659054,84.660385,0.000000,64.174545,150.018898,562.117617,449.191244,386.574587,334.191352,268.679271,201.866803,138.604340,75.522865,125.612357,195.987204,552.654869,479.082987,415.019438,319.269317,275.983415,225.442913,202.889085,194.748593,216.226871,256.033714,585.159891,484.260491,445.344872,390.760373,336.772701,301.173975,244.491207,252.811634,243.870853,279.918756,611.502693,562.364603,502.252346,430.109931,398.117123,319.232510,320.856499,315.006583,315.437080,386.113023,647.823784,608.573731,517.920431,498.434483,466.271261,441.459484,410.043750,386.810303,407.228241,433.624858,682.772841,632.874682,580.017737,528.530303,516.313674,498.040714,459.486984,494.489836,496.800494,529.182675,753.866440,690.802352,665.182040,596.918111,554.747681,579.665460,561.187608,565.477820,552.956033,571.189105
28,646.004488,537.735950,513.274762,398.285376,334.991269,263.500932,204.533158,143.528467,148.416690,149.444411,615.315238,537.888836,444.471585,395.569549,294.438202,230.586196,174.005987,85.400386,36.884827,82.427782,588.270590,523.090105,464.302488,375.613408,308.420307,235.414851,141.521613,64.174545,0.000000,86.454917,623.700326,509.900484,446.210339,394.453442,328.507148,252.839841,174.525133,96.915718,84.442516,146.413095,612.337560,536.989453,472.317343,373.864228,323.224513,262.078129,228.706049,200.602509,193.266602,215.467141,642.088637,538.445671,498.579194,440.802683,375.615006,333.244080,265.488313,257.708052,220.857969,241.937361,663.419302,611.231134,549.162829,467.339975,428.838195,341.946007,331.070452,308.497530,300.531655,354.280358,695.238422,653.701176,558.061336,534.411189,494.476022,459.803688,418.172176,385.573466,394.106990,402.910704,726.770385,671.531344,614.650787,558.597366,536.955590,510.776443,463.918795,486.304602,478.904544,505.192531,792.978984,727.949694,694.988370,622.530751,571.604993,590.074595,563.006313,559.109900,539.963343,546.197068
29,732.385276,624.057301,599.729503,484.737005,421.312715,349.281170,288.403881,220.930821,205.040455,172.634430,700.594818,622.523636,530.094978,481.209040,380.716060,316.805142,260.110880,170.812427,113.432590,77.533206,670.261377,605.038768,547.052714,457.209214,390.480781,317.743025,220.054686,150.018898,86.454917,0.000000,702.472871,587.549647,522.523443,472.008584,405.980971,321.378427,233.055395,157.632143,78.746617,92.378712,687.977268,610.242999,545.099797,444.027761,385.479382,314.746132,271.810297,223.952492,178.638411,168.366036,713.382296,606.390892,565.553448,504.224944,426.419778,377.328856,300.191779,273.400338,202.017121,196.638062,727.343827,671.283122,607.159509,513.991056,468.141152,374.321279,348.324985,305.060952,285.927260,311.752017,752.662165,708.300756,607.011620,578.263812,529.012739,482.456035,428.825220,385.071745,376.929446,360.219217,779.255112,717.220945,655.603643,594.351732,560.774760,524.778817,468.168685,472.847870,452.221286,469.337677,838.281310,771.082672,728.567306,651.437160,589.768778,599.334594,561.289764,546.397920,518.599580,508.106911
30,258.383315,241.697641,277.909863,314.225586,370.826802,431.863610,493.154793,563.980200,632.683431,702.047270,170.778727,158.751872,238.782769,272.388375,366.836306,416.619351,485.466045,559.454578,616.268915,697.144959,73.924512,116.479326,174.664379,251.046444,317.779994,389.825558,482.966680,562.117617,623.700326,702.472871,0.000000,115.879133,182.498289,230.666993,296.554794,389.521536,482.951770,547.849985,642.651898,703.755462,54.506967,122.165892,175.908479,274.530240,350.173805,430.985607,483.009348,551.626476,642.603177,718.132378,118.878914,173.929319,201.957997,261.805529,371.872987,424.109640,490.914232,556.167221,654.072563,724.620093,214.404145,245.744406,266.054940,366.694376,419.321981,473.492485,539.439948,617.128534,653.831511,768.122781,294.599861,308.155876,343.170956,381.874906,444.668409,513.344184,570.810526,616.334470,688.476875,794.627988,356.451347,394.857355,416.460320,443.436846,518.967167,571.525433,611.769659,707.415344,766.546921,823.759295,456.641228,440.728943,503.317124,509.389089,564.457091,626.595863,679.261921,737.582214,772.677870,859.755254
31,288.597232,225.833859,249.886659,242.194603,285.676469,336.353842,392.459873,459.021186,528.304297,595.189038,204.895869,143.652472,173.670156,190.003275,268.938718,311.449308,379.411991,448.709243,504.121184,584.853938,111.880804,74.228285,95.027273,143.892127,207.912284,278.102587,368.665373,449.191244,509.900484,587.549647,115.879133,0.000000,66.731382,115.589146,181.658333,273.683761,367.094613,432.311092,526.893035,587.889879,105.824085,63.629029,72.536753,160.976951,237.698020,317.462123,369.040859,437.374305,527.983743,603.230998,156.671561,120.353053,124.488099,166.301704,269.953308,317.939452,379.617919,444.965221,540.288611,610.440098,227.751711,224.800222,214.496640,285.041434,328.887345,369.628570,434.387605,508.938646,544.260564,658.327757,299.940814,293.217620,288.735831,317.442709,366.986265,426.019656,475.077893,515.133419,585.200246,687.059550,358.648312,369.897179,371.056761,380.456092,445.186343,489.311259,520.132163,612.801596,667.326310,723.432561,457.889424,424.940510,467.282456,454.734885,493.510882,553.260865,596.922861,649.886434,679.816068,761.029274
32,327.796907,247.152870,261.800011,223.323940,252.581294,291.968956,342.171079,404.088535,473.397900,537.797052,251.330215,177.547845,168.794749,167.079434,224.431125,258.172250,324.213381,388.344028,442.153015,522.559971,171.462546,117.183671,98.584181,96.239811,151.696988,217.932691,304.704520,386.574587,446.210339,522.523443,182.498289,66.731382,0.000000,53.165614,117.900085,207.026288,300.467064,366.575184,460.739814,521.276811,166.154685,96.742401,46.844347,96.278025,173.251796,251.848136,303.055499,371.169926,461.562236,536.678626,203.826414,128.181206,109.708100,123.312565,214.502587,258.023888,315.376532,380.606349,474.269776,544.196091,255.672134,234.228192,204.735095,246.252776,281.471468,310.962571,374.325792,446.390350,480.732044,594.475917,318.002948,300.235984,270.398615,290.298981,328.233968,378.906637,421.324767,457.275114,525.625617,624.506915,371.848672,366.664094,354.729780,351.832307,407.328769,444.850002,468.810890,558.805343,610.077020,665.296677,466.990659,425.163826,453.855032,429.636992,456.697323,513.959851,551.170678,600.205822,626.612074,703.789033
33,340.927339,248.357879,254.743984,194.002289,211.650504,243.496573,290.772943,351.278627,420.544291,484.649850,273.165867,193.417271,155.053755,138.450726,176.819887,206.075048,271.438898,335.311077,389.529667,470.079199,208.318610,146.466191,105.282870,53.780206,99.296807,164.802915,253.120191,334.191352,394.453442,472.008584,230.666993,115.589146,53.165614,0.000000,66.069198,161.970057,254.485886,317.228138,412.300176,474.702193,218.552697,149.400787,92.032297,73.748620,143.811777,215.895932,264.877502,331.440585,420.275266,494.340607,256.683715,173.606301,146.753143,135.929584,202.111235,236.178552,282.793943,346.995876,434.863759,503.586759,303.915313,275.683403,237.076926,253.348533,277.537563,290.076752,349.917776,416.447611,448.424923,560.898414,361.683571,338.994456,294.285402,306.584273,332.628802,372.969085,406.192144,435.652298,500.648305,593.595402,412.621761,398.440246,377.896247,365.221523,410.998642,440.945964,456.368238,541.998870,588.287677,641.884508,504.707023,458.232470,477.555234,444.616100,460.664578,514.746780,544.652555,588.675639,610.429059,681.572089
34,383.453955,282.430620,279.775128,193.920439,189.042842,201.246929,238.378235,292.375052,361.109017,422.664611,324.436052,242.871404,180.364263,146.557199,140.655449,152.605029,213.312666,271.312799,324.340315,404.676469,270.260991,206.300445,155.733519,68.615407,52.770479,102.348289,187.098389,268.679271,328.507148,405.980971,296.554794,181.658333,117.900085,66.069198,0.000000,102.094160,191.737466,251.663346,347.105744,410.619522,284.027182,211.594747,149.369791,75.790564,110.546810,166.317335,210.790319,274.440260,360.929846,433.680756,318.634191,226.053985,192.358852,158.886493,185.911641,204.706611,235.226303,296.782452,377.313352,444.501540,357.114569,320.281711,272.132704,257.795642,266.937285,257.238725,310.808756,369.506285,398.416352,508.667288,407.667666,378.798907,316.989839,319.612346,330.054822,356.249610,377.264262,398.287794,458.484698,544.037817,453.965861,428.167139,397.203725,372.733676,405.252646,425.157025,429.793563,508.992677,549.001459,600.353200,540.862555,488.697418,495.634454,452.245842,454.250019,503.490641,524.013325,561.477605,577.496978,641.150762
35,483.118052,379.482883,372.139312,272.700854,245.099344,224.238657,232.172855,259.986266,322.517876,371.460059,426.401014,344.780708,276.083710,235.632466,186.869927,159.625125,192.466398,216.684291,258.026874,334.035148,370.085585,307.115878,257.826238,169.293370,122.105697,96.486726,118.058977,201.866803,252.839841,321.378427,389.521536,273.683761,207.026288,161.970057,102.094160,0.000000,93.459748,163.747436,255.124984,314.264830,369.263469,289.625195,224.434224,122.657874,76.194350,74.278477,110.587891,172.421211,259.126882,332.562913,392.005540,285.963381,245.803783,188.960197,149.791073,138.376984,141.079225,198.379624,275.219756,342.658596,410.738677,360.499006,300.797877,241.366718,225.850688,182.423840,224.137053,273.001239,299.240129,407.823280,446.072122,407.758383,322.468900,309.847660,295.367242,298.512322,301.387279,311.253041,365.412541,444.545451,482.477259,438.093556,391.952898,350.549780,361.150904,365.598985,355.351089,425.016618,457.868051,506.751751,557.715108,497.492371,484.151275,426.186349,407.083958,447.792499,455.044822,483.573623,492.742807,548.320011
