node_id,0,1,2,3,4,5,6,7,8,9,10,11,12,13,14,15,16,17,18,19,20,21,22,23,24,25,26,27,28,29,30,31,32,33,34,35,36,37,38,39,40,41,42,43,44,45,46,47,48,49,50,51,52,53,54,55,56,57,58,59,60,61,62,63,64,65,66,67,68,69,70,71,72,73,74,75,76,77,78,79,80,81,82,83,84,85,86,87,88,89,90,91,92,93,94,95,96,97,98,99
0,0.000000,96.795550,194.079926,270.098279,333.052020,401.785029,497.902112,564.946614,602.934635,682.255785,107.651971,119.626989,200.790678,258.836540,336.988889,427.342403,459.064886,536.475861,627.755094,694.523870,139.154972,187.081417,245.960282,280.291826,367.808225,429.978165,535.522131,582.769983,644.397938,701.415492,218.133196,273.579464,291.489275,337.510138,433.226675,483.671618,545.298176,611.399471,674.214854,755.646398,281.910703,298.358716,359.184576,395.832526,465.247834,500.254175,607.396252,647.781345,719.180552,756.473159,354.892100,382.407845,430.238584,486.120712,519.904464,579.484019,617.233759,716.844017,769.202619,852.559172,441.377874,450.262850,483.583511,523.596096,588.714747,627.950812,687.029070,714.012409,787.904848,858.877022,537.189371,561.827117,579.367856,589.243796,635.921400,673.368617,719.044955,793.295329,839.506432,904.322112,608.725280,614.048754,642.674757,667.174903,696.349913,746.152452,784.539773,833.429440,901.635711,945.117844,672.557877,709.646349,712.749565,721.076660,752.003657,837.587355,878.203425,905.158119,981.866161,1022.298783
1,96.795550,0.000000,97.595100,173.876172,236.338852,305.087216,401.157903,468.214815,506.149440,585.461189,106.233762,53.726276,119.224864,165.786124,241.958099,333.032176,363.670998,440.982230,531.783453,598.373762,134.380044,145.778184,182.750368,203.749646,280.128307,341.885275,445.202801,489.315877,550.822314,606.936116,228.703395,239.468825,231.446446,267.060575,356.540077,403.696889,456.855703,523.880131,583.837432,665.001197,277.655199,274.863270,312.981158,336.582476,392.367917,423.221293,527.056033,565.378571,631.240161,667.835606,351.186385,357.602315,393.841632,432.533064,460.295460,508.743879,540.533825,637.594524,686.177331,768.038803,435.065320,426.680148,452.394185,475.033349,530.510898,567.655504,616.119132,640.507178,710.033160,778.722257,536.647633,541.307574,549.526312,551.534805,583.417738,615.272804,656.177757,725.623505,766.159585,825.738365,601.613224,598.177268,615.655122,626.962786,647.659167,690.782220,722.623920,769.156240,833.297794,871.827034,669.067173,692.225554,687.685616,685.613082,709.675495,786.485791,823.213251,842.041930,916.585107,954.330445
2,194.079926,97.595100,0.000000,76.338591,139.084894,209.424490,303.942828,372.056635,409.558714,488.551818,166.710574,95.878365,71.881878,74.556298,145.403089,236.875156,266.486812,343.678043,434.238015,500.786274,181.235486,152.370970,147.231465,141.811893,193.595618,253.341952,352.861798,393.579668,454.877326,510.216253,266.781178,231.367463,191.267766,207.498862,283.000857,324.519883,366.564485,434.165696,490.840215,571.535451,295.894581,273.736295,281.634172,287.056123,322.599431,347.325563,445.474356,481.067852,540.558773,576.324302,363.213305,347.260808,368.268307,385.095674,404.701767,438.704044,463.005582,556.201770,600.395615,680.358658,439.404645,413.446764,429.673264,431.872149,474.634931,508.581782,544.239542,565.449523,629.619028,695.503763,542.715253,526.706547,524.744106,518.146243,532.826481,557.808492,592.771363,656.146443,690.222812,743.938744,599.144051,586.790728,592.124733,589.007123,600.044093,635.162182,659.451118,702.956349,762.238082,795.318915,668.686300,677.103390,664.676846,651.626658,667.922975,734.276804,766.461192,776.466789,848.211257,882.939901
3,270.098279,173.876172,76.338591,0.000000,64.895430,138.109729,228.796265,298.567205,335.305562,413.700339,230.571840,164.262390,103.919214,37.285743,70.554072,161.835166,190.312623,267.401904,357.912060,424.513289,237.959686,192.116365,156.934443,125.085125,133.709228,187.894457,281.424137,318.547160,379.581546,434.277400,312.104426,249.005955,187.355070,181.077978,234.469111,268.091742,297.209908,364.889074,418.137365,498.234463,326.798973,292.543676,275.370606,263.521009,276.431636,293.803085,384.237459,416.774414,469.850645,504.753087,386.168560,354.145337,361.636038,358.417926,369.721337,388.969968,405.546150,494.096045,533.959341,611.918161,453.734948,415.032820,422.918775,407.439594,437.528015,467.852843,491.140791,509.172287,567.929122,630.968418,555.590665,523.782360,513.552350,499.886453,499.298057,517.710651,546.847869,604.133320,632.199689,680.466879,604.313117,585.160978,580.568418,565.446172,567.996065,595.645156,613.014320,653.469089,708.090981,736.259888,674.340630,670.988487,652.359797,630.428253,639.958770,696.662584,724.674515,727.001169,795.927246,827.916500
4,333.052020,236.338852,139.084894,64.895430,0.000000,73.857456,164.865406,233.751061,270.743793,349.509031,295.032317,229.156556,165.418627,92.281777,42.677634,112.998375,134.013591,209.044927,297.274905,363.147161,301.033075,251.188381,205.807685,162.808635,124.462846,161.546340,238.396279,265.671413,325.317375,377.279775,370.824425,296.505791,225.912265,203.524001,229.330411,250.715973,258.035144,324.433490,370.262897,448.480710,378.970594,339.216066,306.857033,281.993579,271.554754,279.108875,356.270964,383.698173,425.493272,458.500383,433.091402,391.934108,389.736366,370.043934,373.086274,375.804619,382.333919,463.129138,496.214641,570.462114,494.404285,447.822180,449.416308,419.695563,437.003321,462.974160,471.932421,485.771978,536.759403,595.315769,594.054759,551.443017,534.927657,515.629721,501.137974,512.639207,535.128082,584.827328,605.306069,646.007118,636.967329,613.030753,600.732779,575.580449,570.236412,590.123248,599.948779,636.608555,685.388187,707.334288,706.724686,694.553138,671.119193,641.873712,645.199879,692.052956,715.569809,709.578755,774.853587,803.461157
5,401.785029,305.087216,209.424490,138.109729,73.857456,0.000000,100.865773,163.187613,201.548662,281.384194,368.646904,301.917111,239.178088,165.763385,98.193241,102.116274,99.815871,160.400843,239.681519,302.760495,374.881321,324.155594,275.035513,228.100862,162.751767,174.408671,217.898182,225.844825,280.571828,326.055717,443.353937,363.656706,289.214587,257.416650,258.023236,264.528993,242.228734,303.101738,335.575601,408.992008,448.137860,405.398114,363.270360,329.077834,297.664421,294.132133,351.266594,370.858799,395.068694,424.463976,498.657264,451.468670,441.811543,408.247021,403.255474,388.219985,382.492543,451.032636,474.138171,541.946899,555.075939,502.818094,499.203459,457.274503,461.492560,482.236108,474.575172,482.959354,522.986579,574.651536,652.342849,601.020203,579.085337,554.816477,526.777297,530.704577,545.352343,585.323334,596.084832,626.366973,690.172954,662.249573,643.063627,608.532054,595.205101,606.470579,607.623976,639.346247,680.482981,694.357430,759.284988,739.265182,711.492928,675.387443,672.378359,708.203569,726.455476,710.839801,771.113686,795.324698
6,497.902112,401.157903,303.942828,228.796265,164.865406,100.865773,0.000000,74.736522,107.598789,184.934140,454.957214,392.136629,321.636024,248.832411,169.800715,105.682415,70.136465,72.783184,139.432455,201.895378,456.795311,399.814275,341.017474,289.092451,197.388703,174.311847,161.147155,141.981645,188.376312,228.068383,515.061454,421.585720,342.624209,297.820604,262.782915,248.093372,188.315501,235.880747,251.311420,318.405221,508.870306,459.918302,400.696914,353.461388,294.376072,275.909425,301.438808,310.030718,313.299391,338.458072,549.595787,491.187275,468.595788,414.556770,398.029510,359.102177,337.467472,387.827358,399.069441,459.176920,594.515879,532.759805,520.250671,460.457378,445.428432,458.069200,428.656275,429.915063,455.901216,499.162472,685.382108,619.166044,588.740440,557.245520,509.998815,503.259583,506.998599,533.643201,532.678256,551.199152,713.097307,678.612527,648.394110,600.164903,575.586080,574.694070,564.449471,589.339512,620.661575,625.332223,780.079579,746.819955,712.481489,666.469343,654.245246,674.185533,685.250647,657.867159,711.476546,730.476984
7,564.946614,468.214815,372.056635,298.567205,233.751061,163.187613,74.736522,0.000000,39.679501,119.555374,527.151697,462.759519,394.498899,321.170453,243.230155,178.851585,141.474670,103.907965,110.667980,156.512093,530.117180,474.012371,415.733366,363.826993,271.039444,242.227540,202.828194,157.726311,181.736731,201.793688,589.691874,496.054969,416.943125,370.958682,328.374936,306.185517,228.914803,260.281237,253.404408,305.952174,583.411669,534.035190,472.515458,422.809407,356.135955,331.923546,336.966310,335.900973,315.422535,333.135380,623.088415,562.941095,537.404526,477.343518,456.421622,406.280113,374.994085,408.305652,406.518573,455.053187,665.788030,601.985269,586.960070,521.359818,497.716902,505.678619,462.595490,458.192727,470.570474,503.582566,754.750487,684.222549,650.871475,616.701788,560.817995,548.095760,544.679970,560.768211,549.370890,555.036672,779.293866,742.684692,708.304123,654.198180,623.938664,615.696696,597.696060,616.917895,639.332023,634.887590,845.270919,807.045984,770.035743,719.603773,702.560148,712.486562,718.379840,682.076568,729.217906,743.064210
8,602.934635,506.149440,409.558714,335.305562,270.743793,201.548662,107.598789,39.679501,0.000000,80.112761,562.507476,499.181324,429.234809,356.368848,277.380514,206.210803,167.943914,113.581337,85.751060,120.304814,564.329574,506.825194,446.592137,394.111641,298.008066,262.898785,207.588504,151.705419,162.111016,171.886374,621.029376,524.242627,444.786076,396.378525,345.694154,317.988790,231.859294,253.064341,234.954895,279.521819,611.772316,561.013411,495.458692,442.957445,369.956826,341.828315,333.960393,327.541249,295.432542,309.390155,648.438862,585.499299,556.410143,490.938169,466.655540,409.247744,372.495414,395.930155,387.661763,430.438572,687.424802,621.235599,603.594094,533.123785,503.210164,507.964287,456.934338,449.405719,454.553949,482.391603,773.798782,698.939495,663.072340,626.825898,564.872569,548.286346,540.503365,550.495418,533.736817,533.238360,794.876524,756.325582,718.454250,660.042478,625.977530,613.080277,590.594235,606.546468,624.167317,615.298597,859.735190,817.177973,778.119860,724.545034,704.223035,707.771911,710.616031,669.572036,713.192918,724.467963
9,682.255785,585.461189,488.551818,413.700339,349.509031,281.384194,184.934140,119.555374,80.112761,0.000000,639.022527,576.999058,505.283498,433.152184,353.420256,275.922678,237.912726,169.979385,93.417604,71.991107,639.433408,580.278393,517.726677,464.805211,365.418363,322.748341,246.779695,179.145793,159.731911,139.131955,692.162959,591.275873,511.820721,460.430777,398.618019,363.009791,266.325481,267.524843,226.591648,247.766327,678.659309,626.087448,554.896952,498.636152,416.859764,383.042090,352.408717,335.656174,279.349384,283.278710,710.618397,643.659192,609.099471,535.380030,505.718000,436.539153,390.559513,393.142560,370.586361,398.295234,743.513887,673.819703,651.961593,573.894513,533.259067,532.002851,466.527639,452.786217,442.228486,457.551889,825.169243,743.319534,703.315758,663.701860,591.379165,567.715662,551.503276,548.837195,520.749563,506.106957,840.196951,798.457738,754.613605,688.813859,647.946562,626.166975,594.943134,603.884688,610.959470,592.247812,902.776552,852.664840,810.097275,751.068576,724.691914,715.653170,712.248721,661.636811,697.167046,702.601243
10,107.651971,106.233762,166.710574,230.571840,295.032317,368.646904,454.957214,527.151697,562.507476,639.022527,0.000000,71.568628,133.920962,206.139631,285.602486,369.006757,404.685821,480.850257,573.620929,640.916623,32.819086,84.799085,151.989909,196.237867,294.668303,355.352721,462.975205,517.819063,578.976319,638.650987,124.198691,166.144202,192.549643,244.247222,342.884067,395.823106,468.720968,532.164065,599.833861,681.083659,180.264056,191.194370,252.984822,293.757710,370.770269,408.973702,518.189266,560.598814,639.535188,677.783487,254.376036,275.485279,322.593215,380.935625,416.668055,481.943658,524.198053,625.495513,681.811736,766.631048,340.332818,343.815252,376.165171,416.998647,484.517553,524.375600,588.823747,617.536220,694.747638,767.645753,439.372251,456.416847,472.234780,481.593824,529.841185,568.794105,616.187521,692.578272,742.296559,811.298151,508.060151,510.112213,536.056652,559.533492,589.407384,640.542886,681.062426,730.844941,800.949605,847.496592,573.720909,605.447049,606.606307,613.548603,644.403373,730.873778,772.269768,801.885698,879.406188,921.120167
11,119.626989,53.726276,95.878365,164.262390,229.156556,301.917111,392.136629,462.759519,499.181324,576.999058,71.568628,0.000000,81.340165,145.148320,225.189906,313.078041,346.797119,423.993646,516.315662,583.528573,91.492244,92.130784,132.972746,161.478891,248.719631,310.853920,417.038987,466.594267,528.211148,586.334571,184.118096,185.760167,181.132935,221.384133,314.966875,364.599043,426.102641,491.955726,555.569790,637.052296,227.478815,221.630818,260.157676,286.718285,348.535950,382.022662,488.368613,528.383383,599.761591,637.183255,300.249208,304.025046,340.290482,381.487798,410.978826,464.033645,499.286727,598.177834,649.758156,732.975011,383.156701,373.070019,398.694367,423.048642,480.925774,518.790128,571.660165,597.451750,669.708596,740.042309,485.299514,487.735476,495.830090,498.248918,532.437042,565.802981,608.330591,679.772210,723.130522,785.960051,549.125618,544.830798,561.931389,573.990114,595.971140,640.652731,674.520313,721.959158,787.837021,828.839240,616.945087,638.716004,633.959893,632.247736,657.030334,735.430697,773.116975,794.478708,869.898880,908.788434
12,200.790678,119.224864,71.881878,103.919214,165.418627,239.178088,321.636024,394.498899,429.234809,505.283498,133.920962,81.340165,0.000000,73.697182,151.941577,235.609765,270.883816,347.333184,440.056170,507.365921,135.974788,88.899891,76.201430,84.682340,167.434183,229.541694,335.957367,386.918508,448.432660,507.220532,208.555294,159.933315,122.514892,149.205761,237.369522,285.263800,344.768283,410.642854,474.378599,555.868389,228.762340,202.719339,211.678734,223.548957,273.255781,304.149745,408.913806,448.178383,518.441765,555.843680,293.569499,275.378979,297.718144,321.298352,345.208241,389.748706,421.506994,519.190325,569.399660,652.231027,368.160023,341.690570,358.888796,366.506787,415.559399,451.536830,497.018073,521.283228,591.318027,660.696895,471.412176,455.184947,454.548254,449.878474,471.098879,499.886542,538.785556,606.895103,646.939915,707.249864,527.282123,515.101884,521.842735,522.297827,537.090225,576.321364,605.391315,651.138161,714.389569,752.612861,596.854045,605.787429,594.418954,583.840754,602.712337,673.769457,708.461591,724.243237,798.175188,835.420629
13,258.836540,165.786124,74.556298,37.285743,92.281777,165.763385,248.832411,321.170453,356.368848,433.152184,206.139631,145.148320,73.697182,0.000000,80.144498,168.661987,201.691074,278.971611,371.187734,438.385880,209.671027,159.031189,119.802604,89.120147,119.118301,178.876749,279.809202,324.018519,385.622931,442.646654,278.865078,211.897222,150.545171,148.532672,212.180808,251.151583,292.610196,360.093945,418.277258,499.331539,290.626391,255.401830,239.318658,230.972195,253.051979,274.911828,371.264152,406.542004,466.846624,502.962852,349.112388,317.056900,325.941101,327.310525,341.583996,367.991341,389.635982,481.925158,525.850268,605.981495,416.460440,378.429049,387.391656,375.823593,410.460194,442.428359,472.383880,492.538605,555.439174,620.997623,518.372380,487.857192,478.975249,466.836703,470.960698,492.101615,524.077370,584.831408,616.895962,669.537124,567.565451,549.130438,546.161934,533.930862,539.238720,569.903737,590.594060,632.739615,690.195644,721.766064,637.590802,635.695496,618.192492,598.346569,609.903843,670.233500,700.095246,706.319736,776.926956,810.649019
14,336.988889,241.958099,145.403089,70.554072,42.677634,98.193241,169.800715,243.230155,277.380514,353.420256,285.602486,225.189906,151.941577,80.144498,0.000000,91.516204,122.142125,199.563034,291.394132,358.504624,287.022940,231.306912,177.744624,129.916967,81.984715,124.087325,211.547398,248.276552,309.495308,364.997271,348.791520,265.522601,191.259757,163.500958,187.095810,210.958143,228.432349,295.909446,347.694956,427.694339,350.414094,307.205474,268.257847,240.412371,229.429555,238.790556,320.824539,350.820921,400.004458,434.572011,400.513482,355.048577,349.677485,327.503960,330.475236,335.443161,345.025865,429.339289,466.211519,542.959625,458.276309,408.884801,408.783529,377.151247,394.696952,421.205803,433.448086,448.761256,503.182606,564.182290,556.708770,510.863440,493.191362,473.259226,458.686111,470.952989,494.710778,546.538884,569.857053,614.254208,597.548488,572.406987,558.765485,532.913121,527.789802,548.574720,559.919928,597.629517,648.366912,672.873723,667.131930,653.009660,628.941401,599.225176,602.605900,650.431382,674.753794,670.829138,737.324422,767.189973
15,427.342403,333.032176,236.875156,161.835166,112.998375,102.116274,105.682415,178.851585,206.210803,275.922678,369.006757,313.078041,235.609765,168.661987,91.516204,0.000000,38.320022,111.860724,204.637942,271.918665,366.195612,305.188021,241.806043,188.910931,92.223298,76.222468,125.687364,156.763953,218.002569,274.080360,416.274550,318.075245,238.676577,192.245587,164.632102,163.597099,146.666394,212.015441,257.970689,337.160898,405.591240,355.372352,295.114287,249.509025,201.197593,193.170616,251.242316,274.379294,312.523446,345.827461,444.263047,385.593149,364.722530,317.485266,307.113534,286.318029,281.203060,354.465250,384.107902,457.523198,489.036648,428.444478,418.086196,365.237295,362.155042,381.222532,373.035290,382.697837,427.523015,483.724395,580.807402,518.276668,491.062539,462.898996,427.519408,429.314540,443.236236,484.382938,498.473354,534.782135,610.922783,578.518993,552.914494,512.217197,495.442639,504.699999,505.621975,538.005148,581.263808,598.759499,678.685843,650.545215,619.391973,579.065174,573.170371,606.329346,624.344589,609.870509,671.598078,697.511162
16,459.064886,363.670998,266.486812,190.312623,134.013591,99.815871,70.136465,141.474670,167.943914,237.912726,404.685821,346.797119,270.883816,201.691074,122.142125,38.320022,0.000000,77.422917,169.527825,236.781054,402.932721,342.646173,279.916795,227.085282,130.183188,104.536143,118.329366,132.072427,191.304482,244.152634,454.426746,356.301983,276.861978,229.554312,193.452192,183.345306,143.338542,203.287620,239.182749,315.656634,443.829434,393.349039,331.267925,283.334187,226.693649,212.202835,254.499552,271.669588,297.119495,328.064102,481.750526,421.743224,398.459755,345.876932,331.584632,300.755613,287.602624,351.724147,374.525882,443.711574,524.861689,462.643255,450.284697,392.485665,382.456625,398.224393,379.893536,385.937392,423.354751,474.981484,615.288545,549.501565,520.026189,489.721583,447.584121,445.032858,454.148401,489.032962,496.984255,526.643688,643.163725,609.179212,580.511696,535.390560,514.448356,518.732038,514.522254,543.740355,582.175148,594.680079,710.325208,678.692231,645.593026,602.024623,592.791303,619.594865,634.490562,614.406697,672.955735,696.184613
17,536.475861,440.982230,343.678043,267.401904,209.044927,160.400843,72.783184,103.907965,113.581337,169.979385,480.850257,423.993646,347.333184,278.971611,199.563034,111.860724,77.422917,0.000000,92.777349,160.066390,477.852705,416.170313,351.099139,298.095870,196.891867,153.000449,99.096340,69.279427,120.179493,168.344866,524.834285,421.771174,342.451568,290.479082,232.703595,204.705859,125.558190,165.059110,179.179944,249.183575,509.021453,456.154700,385.713579,331.116231,256.391119,229.299266,236.003039,240.194127,240.842223,267.073855,540.831389,475.077019,443.701769,377.434443,354.119614,302.472976,273.402885,316.718248,326.296106,387.109782,576.056287,508.560852,490.137764,420.046268,393.890573,401.907432,362.829526,361.462469,383.800283,426.381714,660.922578,585.371210,549.920407,514.442945,456.910598,444.773385,443.478473,464.984416,461.042223,478.418896,681.297816,642.877539,606.096971,550.467906,520.154506,513.431365,498.557942,520.952826,549.560647,552.793308,746.196880,704.860470,666.931293,615.763121,598.807776,611.271632,619.466483,588.364779,640.257364,658.343588
18,627.755094,531.783453,434.238015,357.912060,297.274905,239.681519,139.432455,110.667980,85.751060,93.417604,573.620929,516.315662,440.056170,371.187734,291.394132,204.637942,169.527825,92.777349,0.000000,67.309903,570.512179,508.492572,442.691348,389.778754,287.803767,238.665173,154.299905,85.778896,77.188777,92.179356,615.732163,510.342630,431.546273,377.685598,309.040377,270.885627,173.012814,177.415029,149.869038,195.496381,597.055882,542.976931,467.800362,409.684304,324.943288,290.072514,261.583205,248.974945,209.771968,224.032452,624.724051,555.385587,518.356717,442.575679,412.360639,343.866796,300.054678,313.292355,302.101453,345.507685,653.879535,582.877096,559.777281,480.603541,440.323477,440.216272,379.802187,369.299626,369.744800,396.660143,733.575105,650.289293,609.942778,570.296160,499.133839,477.321186,464.383325,468.749741,448.963419,447.574092,747.239818,705.169927,661.248064,596.242705,556.915491,538.291933,511.324469,524.577426,539.482107,529.569720,809.531549,759.358337,717.117413,658.999732,634.222309,630.376753,630.421763,586.122584,628.132787,638.819156
19,694.523870,598.373762,500.786274,424.513289,363.147161,302.760495,201.895378,156.512093,120.304814,71.991107,640.916623,583.528573,507.365921,438.385880,358.504624,271.918665,236.781054,160.066390,67.309903,0.000000,637.635039,575.358200,509.107586,456.289339,354.042306,302.886894,210.491302,140.414242,101.182438,67.637608,681.596010,574.872409,496.523480,441.783307,368.235515,325.966510,224.594351,211.181095,159.937779,175.781893,661.126559,606.403636,528.717257,468.995602,380.008018,341.982006,295.623230,273.537671,209.068974,211.411953,686.194403,614.899015,574.711868,494.066156,460.303476,383.609847,332.707465,325.558898,299.486766,326.523754,711.524371,638.670403,612.877443,528.967200,480.795523,475.686155,403.196113,386.933392,371.720931,385.575625,787.695213,699.912031,656.766743,614.851338,536.015536,508.408217,488.107649,480.629307,449.882772,434.133076,797.018415,752.816722,704.603499,634.153613,589.464737,563.265428,528.565232,535.173941,539.889034,520.280344,857.357627,801.658222,756.861566,694.652778,664.960429,650.139344,644.521837,591.460984,625.628741,630.645439
20,139.154972,134.380044,181.235486,237.959686,301.033075,374.881321,456.795311,530.117180,564.329574,639.433408,32.819086,91.492244,135.974788,209.671027,287.022940,366.195612,402.932721,477.852705,570.512179,637.635039,0.000000,66.292460,136.653491,185.451250,286.822214,345.870490,453.326859,510.916520,571.513121,631.932887,94.335941,136.603357,172.063696,226.690185,325.733608,379.536941,457.267460,519.129893,588.586812,669.436682,147.640973,159.203867,225.102424,269.518353,351.034939,390.774133,500.484864,543.721673,625.846830,664.382262,221.790824,243.313721,291.821420,353.689834,390.965063,459.833814,504.477341,606.329676,664.440619,749.743312,307.627112,311.417814,344.457052,388.204491,457.899488,498.170621,566.016594,595.658180,674.486921,748.217699,406.979362,423.764051,440.229467,450.530696,501.484347,541.742585,590.364311,668.067064,719.778843,790.897429,475.336968,477.313947,503.754367,528.700145,560.023387,612.537074,654.720754,705.076607,776.332510,824.614662,541.148153,572.669202,574.137989,582.004157,613.768401,701.703936,743.884469,775.583249,853.598058,896.098424
21,187.081417,145.778184,152.370970,192.116365,251.188381,324.155594,399.814275,474.012371,506.825194,580.278393,84.799085,92.130784,88.899891,159.031189,231.306912,305.188021,342.646173,416.170313,508.492572,575.358200,66.292460,0.000000,70.396371,120.369481,222.597207,280.599984,387.817109,446.549294,506.782579,567.509848,120.013059,93.769020,107.805829,160.849034,259.867527,313.476019,391.242374,452.864262,522.547973,603.305275,143.817961,130.041948,173.108303,209.550914,286.402230,325.342837,434.900186,477.871249,559.554375,598.092132,213.332390,211.904788,249.671289,299.101025,333.142777,397.145854,439.901644,541.455764,598.776901,683.936822,293.683279,280.939519,307.181049,337.557144,401.689799,441.104634,504.042410,532.756755,610.301736,683.518188,396.586907,395.612405,404.303211,408.433048,449.220681,486.300863,532.530450,608.166548,657.497825,726.824172,458.357323,452.876959,470.138696,485.086314,510.648681,559.176388,597.767417,647.084553,716.553287,762.709329,526.701983,546.619850,542.046025,542.033590,568.973690,651.400907,691.331456,718.490915,795.617164,836.875219
22,245.960282,182.750368,147.231465,156.934443,205.807685,275.035513,341.017474,415.733366,446.592137,517.726677,151.989909,132.972746,76.201430,119.802604,177.744624,241.806043,279.916795,351.099139,442.691348,509.107586,136.653491,70.396371,0.000000,53.017904,155.110972,211.254764,318.047973,378.041256,437.789417,498.808913,174.530755,92.094986,48.747764,92.546279,190.900504,243.935121,320.960451,382.477316,452.242889,532.940024,173.281395,135.610485,135.648123,153.952310,219.978880,257.151075,366.215623,408.646383,489.242911,527.749378,229.324562,201.553458,221.516714,249.913737,278.056444,333.531441,372.989092,473.875260,529.825421,614.702410,298.066873,266.583040,282.713187,293.364090,348.097421,385.820733,441.068996,468.285417,543.722896,616.074039,400.714916,379.506057,378.362853,374.425249,400.719699,432.948887,475.468576,547.847525,593.663097,660.286354,453.623006,439.731169,445.646369,447.729871,465.386143,508.127099,541.592140,589.277852,656.094679,699.228705,523.448947,529.878297,518.222506,508.550818,529.087690,603.783994,640.580747,661.656045,737.390518,776.914537
23,280.291826,203.749646,141.811893,125.085125,162.808635,228.100862,289.092451,363.826993,394.111641,464.805211,196.237867,161.478891,84.682340,89.120147,129.916967,188.910931,227.085282,298.095870,389.778754,456.289339,185.451250,120.369481,53.017904,0.000000,102.514275,160.423182,267.896565,326.214711,386.416941,447.153833,227.364442,135.669084,63.494405,66.001557,153.581190,203.387741,272.593372,336.000174,403.822972,484.967009,221.375893,177.344468,150.314042,145.628147,188.620385,220.606439,327.104863,367.751591,443.508280,481.652105,270.873564,230.611021,236.825112,243.497758,263.371632,305.070593,337.935961,436.724029,489.223907,573.112408,332.101016,290.101811,298.273040,290.812869,333.535655,368.483303,412.378751,436.958272,508.250749,578.655538,432.724072,398.809553,390.208025,379.531040,391.074051,417.294985,454.756689,522.232569,562.651265,624.481669,479.507169,460.136354,457.482429,448.520588,458.233373,494.280156,521.421462,566.729925,629.707281,668.353388,549.525275,546.596599,529.659890,512.044912,526.509328,592.844112,626.030591,639.925665,713.591415,750.738488
24,367.808225,280.128307,193.595618,133.709228,124.462846,162.751767,197.388703,271.039444,298.008066,365.418363,294.668303,248.719631,167.434183,119.118301,81.984715,92.223298,130.183188,196.891867,287.803767,354.042306,286.822214,222.597207,155.110972,102.514275,0.000000,62.169943,168.848352,224.104556,284.758597,345.118324,328.039459,226.368997,146.851511,100.718407,105.230802,134.382516,177.494767,243.961810,307.000398,388.490414,313.903483,263.179742,205.432457,166.447596,147.645455,160.431086,252.338805,287.487881,351.591564,388.694529,352.211932,295.567625,280.100864,247.791192,248.685900,256.343981,272.102686,362.900480,407.188129,488.154546,399.381334,342.305153,336.666151,297.302813,312.732274,339.706161,357.492575,375.601105,436.498138,501.908424,493.534922,438.360641,416.750116,394.214720,376.708200,389.527295,415.114420,470.536945,499.095021,550.424983,528.254461,499.533037,481.303335,451.903847,445.810999,467.282794,480.862548,520.283043,574.391093,603.569784,597.083651,576.928036,550.552668,518.414385,520.761822,569.021735,594.381711,593.752010,662.251746,694.293691
25,429.978165,341.885275,253.341952,187.894457,161.546340,174.408671,174.311847,242.227540,262.898785,322.748341,355.352721,310.853920,229.541694,178.876749,124.087325,76.222468,104.536143,153.000449,238.665173,302.886894,345.870490,280.599984,211.254764,160.423182,62.169943,0.000000,107.642903,167.457253,226.584987,287.780162,380.103759,271.987410,193.843757,139.038610,89.155241,91.087711,115.328354,182.000216,245.109304,326.578119,358.438322,304.378470,232.919482,180.631221,124.990561,120.479624,196.989966,228.952524,289.512289,326.535682,387.879271,322.687484,295.209143,241.982525,230.934355,216.293187,221.096957,306.308169,347.196077,427.131904,424.559977,359.758187,345.963154,289.322752,287.173968,308.177179,310.389337,324.763570,380.167795,443.316585,512.523425,444.969436,415.947652,386.908969,352.501427,357.006271,375.196532,423.289881,445.863304,492.614868,538.789969,504.664655,477.183451,436.129278,420.823059,433.439268,439.307681,475.139174,524.401674,549.187891,605.817867,575.055270,543.304506,502.993304,498.150950,535.389825,556.196258,548.048935,613.570512,643.106532
26,535.522131,445.202801,352.861798,281.424137,238.396279,217.898182,161.147155,202.828194,207.588504,246.779695,462.975205,417.038987,335.957367,279.809202,211.547398,125.687364,118.329366,99.096340,154.299905,210.491302,453.326859,387.817109,318.047973,267.896565,168.848352,107.642903,0.000000,70.180911,122.382760,184.066223,483.719737,372.068823,296.510857,239.325390,158.085839,116.618387,27.187832,86.439360,138.735076,220.125929,456.303491,400.306566,319.248096,258.683082,170.727799,136.509623,140.361631,153.472496,188.466118,223.522675,476.898642,404.534363,364.773190,288.614051,260.456223,203.453362,176.404778,233.426071,258.603949,332.173155,501.163895,429.072710,405.479027,328.007805,295.873797,302.854765,267.534978,270.065510,305.089872,358.536529,579.365765,496.671899,457.847578,420.060843,358.292512,345.753427,346.229786,373.701906,378.753868,409.858738,593.475607,552.372524,511.572769,452.674978,421.112746,415.101213,403.307443,429.081596,464.484057,476.460743,656.498381,610.193509,570.560563,517.547492,499.745771,513.746713,524.103781,498.592081,555.342895,577.914947
27,582.769983,489.315877,393.579668,318.547160,265.671413,225.844825,141.981645,157.726311,151.705419,179.145793,517.819063,466.594267,386.918508,324.018519,248.276552,156.763953,132.072427,69.279427,85.778896,140.414242,510.916520,446.549294,378.041256,326.214711,224.104556,167.457253,70.180911,0.000000,61.643373,121.016421,547.484955,437.948471,360.799958,304.668307,227.847185,186.428140,87.244584,102.632986,110.368997,183.839322,523.284846,467.865084,388.585071,328.588440,240.574739,204.550763,182.262348,178.183697,171.642471,198.896299,546.171703,474.487978,434.890256,357.124479,326.585079,260.139164,220.815263,251.516717,257.339577,318.137957,571.344626,499.113832,474.827014,394.829146,355.894244,357.827953,305.889496,300.485086,316.496779,357.244794,649.073603,564.632843,524.174275,484.729425,415.852182,397.023217,389.011772,403.077498,394.468249,409.275287,661.622298,619.394541,575.810764,512.310856,475.417200,461.384443,440.428872,459.223760,483.732345,484.459114,723.765848,674.055758,632.440024,575.797716,553.371709,556.503914,560.949227,524.854434,574.138823,590.737861
28,644.397938,550.822314,454.877326,379.581546,325.317375,280.571828,188.376312,181.736731,162.111016,159.731911,578.976319,528.211148,448.432660,385.622931,309.495308,218.002569,191.304482,120.179493,77.188777,101.182438,571.513121,506.782579,437.789417,386.416941,284.758597,226.584987,122.382760,61.643373,0.000000,61.691047,605.567892,494.416809,418.441333,361.520200,278.736791,231.988677,130.026422,110.107588,72.847444,130.034969,578.641836,522.528500,440.131162,378.355131,285.225150,244.971293,194.836624,175.924599,133.903844,152.519175,597.649191,523.541552,479.787293,395.740647,360.425472,282.427480,232.340380,236.641662,225.739692,274.503832,617.444306,542.969135,515.160160,429.070586,379.613164,374.989984,306.830262,294.091901,292.624532,321.892270,690.301110,600.213125,556.223011,513.900157,435.138628,408.910044,391.789159,392.355256,371.839074,373.301471,697.275776,652.408297,603.487701,533.191918,489.615195,466.437624,436.322056,448.029854,462.340088,453.799587,756.930954,700.480728,655.752254,594.104112,565.779912,556.400065,554.703762,509.029462,551.139597,562.616403
29,701.415492,606.936116,510.216253,434.277400,377.279775,326.055717,228.068383,201.793688,171.886374,139.131955,638.650987,586.334571,507.220532,442.646654,364.997271,274.080360,244.152634,168.344866,92.179356,67.637608,631.932887,567.509848,498.808913,447.153833,345.118324,287.780162,184.066223,121.016421,61.691047,0.000000,667.143198,556.107799,480.056514,423.193632,339.892507,292.085205,190.646435,160.135896,97.275693,110.004354,640.280978,584.106212,501.193842,439.059985,344.724050,303.347658,241.219675,213.715869,141.785278,144.278125,658.579153,583.832173,538.671595,452.247216,414.881263,331.711553,276.491920,259.956079,231.851035,261.633361,676.561534,601.289423,571.974936,483.236484,428.245089,419.495168,340.945175,322.544812,304.200436,318.818069,747.144062,654.339554,608.527560,564.724160,480.318073,449.250705,425.438250,414.260920,382.263901,367.971766,751.175717,704.920732,652.945528,578.601896,530.690704,500.785694,463.414475,468.447772,472.251520,453.419035,809.251336,748.747740,702.124446,637.324929,604.867975,585.455387,578.322469,524.007207,558.087244,563.704734
30,218.133196,228.703395,266.781178,312.104426,370.824425,443.353937,515.061454,589.691874,621.029376,692.162959,124.198691,184.118096,208.555294,278.865078,348.791520,416.274550,454.426746,524.834285,615.732163,681.596010,94.335941,120.013059,174.530755,227.364442,328.039459,380.103759,483.719737,547.484955,605.567892,667.143198,0.000000,116.349602,187.211178,244.709896,337.983656,392.258419,482.440581,538.210042,611.764710,690.319351,69.049255,110.027457,199.622599,258.291770,353.032325,396.619403,504.879768,550.029922,641.100645,680.008913,137.952969,182.188774,241.903877,323.147871,366.678090,448.963094,501.629957,603.598712,667.170291,753.133654,224.154916,244.120354,284.251096,347.819092,427.235588,468.602935,550.063671,582.923576,666.810768,742.758454,319.094323,349.948795,374.964284,393.486966,460.856024,507.229743,560.978178,643.512028,702.905889,781.465712,390.904765,398.883512,434.353933,472.197419,512.589253,572.119332,622.068853,674.535632,750.221065,805.315310,454.425398,494.509724,501.993923,519.362693,557.723092,654.003297,700.157233,741.934770,821.634076,867.342255
31,273.579464,239.468825,231.367463,249.005955,296.505791,363.656706,421.585720,496.054969,524.242627,591.275873,166.144202,185.760167,159.933315,211.897222,265.522601,318.075245,356.301983,421.771174,510.342630,574.872409,136.603357,93.769020,92.094986,135.669084,226.368997,271.987410,372.068823,437.948471,494.416809,556.107799,116.349602,0.000000,79.527905,133.296612,222.474562,276.475172,368.923298,422.882736,497.045039,574.934408,87.538231,43.588564,89.968537,143.258173,236.709380,280.275821,388.610513,433.709940,525.029795,563.932439,137.248352,118.901846,157.254376,218.581881,258.357281,335.266689,386.179465,488.349620,551.197259,637.162844,208.244577,187.624489,213.612475,251.642532,323.331257,364.116525,438.600259,470.335638,552.834564,628.335600,311.479294,302.361490,310.683055,316.434112,365.056510,406.413424,456.672243,536.488763,592.232755,668.201439,368.716024,360.355703,376.385013,393.906028,423.481375,476.267998,520.138871,571.251245,644.304454,695.915455,437.906349,453.499692,448.277619,449.426669,478.516761,565.116954,607.391007,640.916040,719.533932,763.195619
32,291.489275,231.446446,191.267766,187.355070,225.912265,289.214587,342.624209,416.943125,444.786076,511.820721,192.549643,181.132935,122.514892,150.545171,191.259757,238.676577,276.861978,342.451568,431.546273,496.523480,172.063696,107.805829,48.747764,63.494405,146.851511,193.843757,296.510857,360.799958,418.441333,480.056514,187.211178,79.527905,0.000000,57.900927,155.278081,209.707160,295.648139,353.329474,425.751148,505.195133,167.054205,117.624624,90.722117,105.600210,178.978778,219.069928,328.880589,372.613224,458.263652,497.084462,209.716527,167.207938,177.765469,201.166095,229.955232,289.471765,332.452349,434.265984,492.862347,578.389849,268.653707,227.945131,239.383684,244.836182,299.804556,337.908440,396.575886,424.993497,502.654122,576.176845,369.257390,338.451710,333.644539,327.438003,351.986556,384.688198,428.121452,501.836158,549.861701,619.142495,417.021208,399.428088,401.049624,399.876653,416.668883,459.594999,494.025483,542.244738,610.196627,655.175650,487.047173,487.637450,473.563844,461.339344,480.770219,555.053493,592.058748,614.336908,690.565086,730.815474
33,337.510138,267.060575,207.498862,181.077978,203.524001,257.416650,297.820604,370.958682,396.378525,460.430777,244.247222,221.384133,149.205761,148.532672,163.500958,192.245587,229.554312,290.479082,377.685598,441.783307,226.690185,160.849034,92.546279,66.001557,100.718407,139.038610,239.325390,304.668307,361.520200,423.193632,244.709896,133.296612,57.900927,0.000000,99.046878,152.986645,237.835153,295.554590,367.850245,447.346462,219.403067,165.684523,105.962837,82.525683,127.750189,164.726642,274.093755,317.051040,400.854285,439.627036,252.217867,195.340381,186.270885,179.073166,197.381297,242.652421,280.467540,381.352180,437.932570,523.102488,299.233462,245.662660,245.968295,227.324249,267.534189,302.650541,350.283935,376.546394,451.218089,523.544260,395.040339,347.948458,333.538123,318.814918,325.355088,351.351482,389.589096,458.748614,502.121685,567.775418,434.057437,409.543399,400.210073,385.418860,392.812725,428.283846,456.186587,502.160680,566.646125,607.789567,503.632007,492.251626,471.684563,449.844660,462.049595,526.892828,560.078019,575.161854,649.527517,687.646682
34,433.226675,356.540077,283.000857,234.469111,229.330411,258.023236,262.782915,328.374936,345.694154,398.618019,342.884067,314.966875,237.369522,212.180808,187.095810,164.632102,193.452192,232.703595,309.040377,368.235515,325.733608,259.867527,190.900504,153.581190,105.230802,89.155241,158.085839,227.847185,278.736791,339.892507,337.983656,222.474562,155.278081,99.046878,0.000000,54.536251,149.502857,200.408620,274.856655,352.469024,302.714860,245.769592,161.412163,100.798622,42.456777,67.061631,175.320420,218.007885,303.550045,342.438108,319.011357,246.702145,211.050024,152.903714,145.535050,155.872415,184.354778,283.710782,338.984879,424.069306,344.991988,275.907874,258.591407,200.682800,207.678360,234.659434,261.390673,284.145972,354.769451,425.861945,428.221544,356.480819,326.793815,298.392471,272.020265,284.526052,312.476846,373.152137,409.705387,471.114449,451.007957,415.833416,388.283279,350.578520,341.078891,362.374420,378.797066,420.566103,479.392363,515.331734,517.479456,485.997277,455.007578,417.410236,416.731089,463.983726,490.396234,494.144065,565.233491,600.226728
35,483.671618,403.696889,324.519883,268.091742,250.715973,264.528993,248.093372,306.185517,317.988790,363.009791,395.823106,364.599043,285.263800,251.151583,210.958143,163.597099,183.345306,204.705859,270.885627,325.966510,379.536941,313.476019,243.935121,203.387741,134.382516,91.087711,116.618387,186.428140,231.988677,292.085205,392.258419,276.475172,209.707160,152.986645,54.536251,0.000000,102.092917,146.819007,222.024295,298.607922,355.297407,298.112863,210.759378,147.556575,54.146911,29.609149,123.769968,164.840200,249.047754,287.943619,367.227318,291.747089,248.752914,173.247977,150.453619,125.378877,138.510124,233.942560,286.231341,370.812457,385.877474,312.762859,288.971439,215.390177,199.294065,217.742777,223.242998,241.514246,306.408846,375.505099,462.751156,381.521980,345.218851,310.573372,264.562588,266.215837,284.570375,336.355913,365.769926,422.055828,477.986758,438.386636,402.140581,352.322317,332.060111,342.407008,349.233545,386.785516,440.024298,470.799138,542.012876,500.869984,464.785702,418.836274,410.061072,444.334011,465.378361,460.096707,527.919243,560.041332
