node_id,0,1,2,3,4,5,6,7,8,9,10,11,12,13,14,15,16,17,18,19,20,21,22,23,24,25,26,27,28,29,30,31,32,33,34,35,36,37,38,39,40,41,42,43,44,45,46,47,48,49,50,51,52,53,54,55,56,57,58,59,60,61,62,63,64,65,66,67,68,69,70,71,72,73,74,75,76,77,78,79,80,81,82,83,84,85,86,87,88,89,90,91,92,93,94,95,96,97,98,99
0,0.000000,66.553451,135.816552,212.386095,266.397169,360.904903,420.852768,504.617614,565.022436,644.584255,87.557906,126.432827,138.997566,226.309832,299.752653,374.071949,443.382763,538.443038,608.696678,681.160882,150.667346,146.946645,221.769788,266.510398,323.453574,415.261049,481.460524,531.923229,630.400653,717.460537,227.329921,265.307231,254.872999,310.176769,360.593390,430.130921,504.530663,574.075675,651.500728,731.830214,316.761370,311.779845,351.388226,381.672473,425.387419,493.387798,526.529273,638.866539,680.732885,733.846016,400.709807,376.921485,406.259684,460.611987,502.404980,549.040104,594.098825,668.812555,721.749810,814.196518,479.524584,477.334637,487.666915,513.502605,567.626956,586.299750,652.986104,702.352091,746.728112,847.099040,519.326280,557.958105,566.788946,585.336323,612.153096,661.824999,720.350511,789.486708,856.680343,892.581585,583.869890,602.759971,635.631454,677.545259,691.330535,724.027134,747.938941,832.374880,880.822577,920.641076,658.698574,697.035407,694.101287,716.882857,745.375592,802.785294,840.708892,887.486920,914.329361,992.065160
1,66.553451,0.000000,71.540158,151.669727,204.127204,300.751821,359.124265,442.965939,504.079207,583.542284,79.327092,73.178838,75.542964,159.786183,234.171740,308.568727,378.225078,473.914305,544.661909,617.320756,145.166512,112.262328,164.972523,203.125455,258.364152,348.716228,415.062264,466.012365,564.602150,651.581642,214.520307,224.369859,206.596805,248.993092,296.971217,364.517306,438.110106,507.522223,584.947283,665.601087,296.546930,280.205987,305.462893,326.230554,364.691056,430.045716,461.671417,573.224601,614.527956,667.305733,381.296861,343.067683,360.109094,408.389576,443.637832,487.301755,530.417253,604.368426,656.368161,748.312951,456.202954,442.586320,446.018702,466.179755,513.481753,528.391451,592.046355,638.748262,682.334267,781.483820,494.308587,526.328721,526.432405,539.052319,560.281807,606.307113,661.675718,728.537898,793.609479,828.003591,560.448645,567.532857,595.180751,630.407375,639.430855,668.802877,690.900483,772.857681,818.774633,857.277234,630.909593,665.157829,654.107642,672.037338,696.896829,749.665221,784.679094,830.217963,854.467765,930.344821
2,135.816552,71.540158,0.000000,81.450970,132.727558,229.924547,287.706941,371.530841,432.775710,512.190819,135.453553,84.372166,56.261742,94.913406,164.110847,238.334413,307.566253,402.794898,473.333675,545.938827,190.581480,136.322476,140.623576,156.634179,203.342815,282.470673,347.121674,396.418547,494.767162,581.877964,246.609724,222.515204,194.616327,206.789400,246.219530,305.682212,374.334691,441.402272,518.705035,596.756351,315.984400,287.216882,290.889087,294.104243,320.342059,378.084339,404.915896,513.140714,551.759309,601.596783,398.351567,344.232770,343.112315,380.053907,402.260848,438.855718,476.740843,548.174588,597.012879,686.845435,466.935096,439.621494,433.516318,444.771165,480.007995,487.738533,544.607827,584.742660,626.014259,721.023391,502.297472,525.725576,514.272731,518.080470,530.158832,569.419142,618.478973,680.372629,740.427562,770.798986,569.190460,561.687163,581.934861,607.067223,608.480507,631.958482,650.638085,727.449755,767.898267,803.221649,633.574162,662.417501,640.834935,651.718586,670.919962,715.905981,745.738247,788.848058,808.078951,879.900360
3,212.386095,151.669727,81.450970,0.000000,54.787068,149.126169,208.466674,292.243912,352.867562,432.408219,215.693199,155.754948,122.042584,72.755231,101.006693,170.381744,236.342407,328.596187,397.677145,469.759400,265.934740,205.369023,172.583216,155.230933,178.526149,226.082346,284.389137,328.114882,424.973690,512.073686,313.022034,264.992313,230.460966,203.940583,225.023626,265.338138,321.270137,381.833089,458.018726,529.266503,370.969922,333.189693,315.634067,297.550220,304.680618,347.553030,365.119769,465.094328,498.079289,541.443808,448.956210,382.285365,362.312032,383.985795,387.548387,412.255418,440.696768,506.629635,549.303970,634.518771,510.382849,470.422944,454.343256,455.011018,474.024300,471.639283,517.309057,546.401362,583.313320,670.304117,542.475097,556.978991,533.423696,526.971607,527.416839,556.925352,596.334918,650.119447,701.832818,725.406936,608.966258,586.800059,598.560365,611.414170,603.234959,618.529931,632.233607,700.811151,732.697482,762.774002,666.449442,689.327308,656.507170,659.037174,671.080045,705.540354,728.076285,767.412854,779.303259,844.588802
4,266.397169,204.127204,132.727558,54.787068,0.000000,98.297057,154.997933,238.838887,300.057848,379.463265,262.722915,197.213945,163.239309,81.190306,56.738923,117.902545,182.072202,273.812140,342.964403,415.136841,306.955642,242.984756,189.671437,153.111946,156.360194,178.809290,232.904917,274.346948,370.677161,457.705151,345.641338,282.152144,245.113754,194.968269,201.564845,226.932311,274.136777,331.043810,406.447144,475.378887,393.685254,350.301042,318.747756,287.044815,281.104528,313.152778,324.787520,419.200339,449.301358,489.840851,467.049913,392.565310,360.149060,370.990423,362.279083,379.064872,401.519362,463.813078,503.093738,585.858678,522.320585,473.888658,451.197563,444.708897,452.777572,444.031183,482.388603,505.022701,539.431930,622.254476,551.631695,559.569952,527.921948,514.664798,507.513775,530.535259,563.754928,612.533101,659.531043,679.657021,617.141268,584.761737,590.589481,595.172536,580.923364,591.004167,601.599816,664.977485,692.045086,719.323529,669.133029,687.611057,647.349205,644.310958,651.626348,679.260789,697.278976,734.218929,741.928640,803.508016
5,360.904903,300.751821,229.924547,149.126169,98.297057,0.000000,62.857475,144.740397,204.185864,283.739811,361.018353,294.864561,261.056721,171.791712,102.251815,88.773075,118.078965,192.536619,256.344731,326.524700,403.944628,339.051102,274.982128,224.725756,201.645959,158.189948,184.761720,207.935583,296.176384,381.088852,438.094863,363.744487,325.788517,253.579988,237.338234,226.939605,241.762116,279.808284,348.790918,402.789257,477.898770,430.060295,384.197922,335.807066,308.454854,315.175719,310.664746,383.604957,402.500765,430.223375,545.779604,464.155844,417.219041,411.543773,381.246319,380.166823,386.641212,436.481983,464.120682,536.833129,593.500835,535.347695,504.095541,486.972598,475.861160,454.794374,475.497865,480.719605,507.037682,574.915545,619.055472,618.331394,575.600672,551.831333,531.523163,541.291292,560.296088,596.048659,629.682480,639.246263,682.515768,636.583121,633.276401,623.899830,598.683599,598.055198,601.745121,651.968999,666.310132,685.407062,726.575362,738.512930,687.233809,674.865312,673.534225,687.360708,695.463064,726.482375,724.066671,775.342711
6,420.852768,359.124265,287.706941,208.466674,154.997933,62.857475,0.000000,83.849200,145.282700,224.531626,415.213054,346.583005,313.508886,218.987465,140.569514,88.961054,73.903713,130.861716,193.489679,263.807233,453.428371,387.453821,313.828251,256.463176,219.558365,140.586693,143.095173,152.810251,235.673003,319.517270,480.809429,397.244672,359.482800,275.183701,245.872757,213.671748,205.948552,230.576254,294.645699,342.239978,511.821957,460.780493,404.927183,346.701449,306.726231,296.929194,282.481980,340.242691,352.833116,374.257176,574.067044,487.741565,431.125096,414.336297,370.965798,358.668195,355.183263,396.620779,417.545834,484.633209,615.005883,550.114202,513.198840,489.068287,465.568938,437.189546,446.669129,441.768757,463.327545,523.205894,637.311195,630.012800,579.888529,549.307255,520.718648,521.957272,532.071616,559.897661,586.047826,590.321524,698.560797,643.011125,633.348793,614.756059,582.851029,575.604489,575.096801,617.180350,624.513228,639.324100,736.209133,743.271316,684.785671,666.314718,659.410180,664.518638,666.653813,694.008447,686.014884,731.596506
7,504.617614,442.965939,371.530841,292.243912,238.838887,144.740397,83.849200,0.000000,62.311893,140.887853,498.167295,428.807835,396.107675,300.303124,220.412349,156.539193,101.476918,75.163833,117.869758,183.949957,534.330150,468.066164,389.752755,329.062227,283.944789,181.084224,147.746048,122.209708,175.697455,252.031945,557.714460,468.482311,431.367763,339.993503,301.022555,248.838762,210.089883,205.112617,252.494499,278.700562,582.241003,529.146981,465.689276,399.810724,348.477084,319.346167,291.720471,320.035447,319.003164,324.415384,639.339762,549.760459,485.040381,457.201231,400.051849,373.477524,355.223394,380.721324,388.156396,441.715376,673.762590,602.978770,560.773156,529.461605,491.748501,454.569936,447.535161,426.083635,438.360857,480.757964,692.716394,678.773036,621.229279,583.268680,545.012578,534.849544,531.785671,546.384516,558.911271,552.842759,751.220003,685.947252,669.148461,639.553584,599.391690,583.051435,576.381627,604.997492,600.195007,606.863460,781.778560,783.337490,716.977510,691.171837,677.103203,670.041416,663.264794,684.549735,667.475584,702.548368
8,565.022436,504.079207,432.775710,352.867562,300.057848,204.185864,145.282700,62.311893,0.000000,79.562276,560.262916,491.065081,458.294499,362.611233,282.710351,217.677656,157.406927,90.767664,87.063958,136.872470,596.627724,530.351394,451.304780,389.938638,342.732338,234.397893,188.681808,145.453751,160.690866,221.670165,619.336891,528.577130,491.752048,398.470462,356.425946,297.240177,244.838046,220.436474,249.842463,252.101305,641.835550,588.104318,521.901862,453.253056,397.456580,359.223329,325.062362,332.329991,320.354566,310.848129,696.826806,606.137105,538.173140,505.287503,441.738156,407.601358,380.597228,394.170267,390.854218,431.433828,728.290825,654.973636,610.386568,575.611112,530.456226,488.625877,471.202709,438.509728,443.360682,470.150014,745.596524,728.382541,667.227174,625.477392,582.002390,564.969174,553.256901,558.213376,560.043060,545.468312,802.555751,732.451469,711.796692,675.977157,631.089651,609.066913,598.338402,617.045032,603.035942,603.036447,829.303846,827.824768,757.271835,727.253786,708.847162,693.899754,681.037505,697.766007,674.071641,700.545578
9,644.584255,583.542284,512.190819,432.408219,379.463265,283.739811,224.531626,140.887853,79.562276,0.000000,638.943971,569.279879,536.774515,440.485994,360.237429,292.553698,227.634660,140.749229,87.832571,85.304496,673.861998,607.489789,525.945546,463.305278,412.864069,299.322546,243.246208,188.415011,157.143310,186.426478,693.878304,599.972122,563.809184,467.709204,421.634869,354.819565,289.312005,245.330860,250.170133,219.660920,711.992933,657.259011,586.899584,514.745266,453.704594,405.018191,364.170037,345.855316,320.823186,292.434684,763.141504,670.972657,598.536254,558.973450,487.990808,445.146476,408.196191,406.594978,389.855226,412.368922,789.762474,712.972530,665.256577,625.996054,571.533253,524.400807,494.242186,448.260468,443.577337,449.613382,804.488871,782.545590,716.671626,670.106522,620.192596,594.503282,571.924220,564.513944,552.664238,527.476293,858.916160,782.185590,756.333977,712.444070,661.814702,632.713819,616.922998,622.676402,597.118705,588.606697,879.998901,874.222181,798.293650,762.829511,738.839466,713.752087,693.175268,703.853853,671.961919,687.149504
10,87.557906,79.327092,135.453553,215.693199,262.722915,361.018353,415.213054,498.167295,560.262916,638.943971,0.000000,72.223341,102.454302,200.050934,280.234366,352.891286,423.028870,520.259173,592.218319,665.036278,67.726343,65.067996,156.458302,213.379190,274.636186,380.572009,449.676161,505.076395,603.548373,689.333099,142.085680,181.596366,176.815270,248.945710,304.643914,381.515318,462.377304,535.888201,612.662118,700.118149,229.942448,224.517584,269.379550,308.422879,360.256161,434.072043,472.463874,587.910705,633.995621,692.898279,314.320465,289.828187,323.841556,382.643021,432.578134,484.738358,534.827208,611.731249,668.683309,763.852669,392.473193,390.198538,402.433162,431.155248,490.893349,514.378872,586.095302,642.062520,688.983950,794.775790,432.069652,470.438955,480.862123,502.046003,532.888934,586.197896,648.907259,721.936964,794.047999,834.931555,496.907922,515.564452,549.610982,594.495639,611.786920,647.793639,673.931002,761.924598,815.409526,858.653295,571.238547,609.498973,607.859793,632.493220,663.020187,724.055681,765.081787,813.363854,844.244856,925.556920
11,126.432827,73.178838,84.372166,155.754948,197.213945,294.864561,346.583005,428.807835,491.065081,569.279879,72.223341,0.000000,34.086213,129.039734,209.463749,281.346664,351.359310,448.641996,520.695922,593.465029,110.352990,51.950477,95.337294,144.499650,204.684173,308.488426,377.503617,432.866307,531.325859,617.125282,162.240549,152.246945,133.432973,184.867235,237.755805,312.007853,391.432145,464.381098,541.340792,628.065315,234.382358,211.338647,232.285100,255.747631,299.438045,369.460590,405.282133,519.696768,564.460260,622.030419,318.050112,272.499655,286.936397,336.391615,375.975399,423.481838,470.387026,546.226850,601.408559,695.631152,389.829186,371.215683,373.059441,393.117906,442.419227,459.913253,526.937352,578.354447,623.912586,727.330196,426.791438,455.777530,453.581768,465.926852,488.275858,536.068566,593.920966,663.387971,731.920215,769.939226,493.407755,495.729064,522.271844,557.379385,567.475186,598.409190,621.738056,705.963452,755.226459,796.151144,561.581726,594.215530,581.229564,598.865770,624.077128,678.229985,714.820845,761.256647,787.948421,866.244990
12,138.997566,75.542964,56.261742,122.042584,163.239309,261.056721,313.508886,396.107675,458.294499,536.774515,102.454302,34.086213,0.000000,97.735512,177.788127,250.704471,320.909659,418.057640,489.935503,562.773981,144.395618,83.696123,92.921337,127.820263,184.610739,282.085246,350.339035,404.376108,503.058094,589.342992,193.046183,167.612751,142.186617,173.516064,221.838921,291.612460,368.105203,439.601478,516.880461,601.336344,259.846825,231.322956,240.387058,253.070373,289.221911,354.829240,387.544284,500.258443,543.114947,598.398556,342.090156,289.380650,293.923493,336.916221,368.580633,411.765053,455.375443,529.839115,582.918842,675.832829,410.986318,385.971998,382.851237,398.020686,440.428293,453.550255,516.515048,563.681419,607.767555,708.417886,446.680171,471.677391,463.685200,471.292957,488.475787,532.387930,586.520753,653.001009,718.341839,753.595788,513.544950,509.081021,531.889577,561.633280,567.430783,594.955268,616.263386,697.483930,743.282068,782.121963,578.965041,609.083146,590.890894,604.839461,626.990277,676.802837,710.386168,755.434462,779.027167,854.823019
13,226.309832,159.786183,94.913406,72.755231,81.190306,171.791712,218.987465,300.303124,362.611233,440.485994,200.050934,129.039734,97.735512,0.000000,80.426511,152.979098,223.197905,320.323082,392.207238,465.042210,234.440920,168.544750,108.633507,82.475815,112.843125,188.978051,255.463123,307.773838,406.516765,493.166664,266.527755,201.444707,164.855586,131.580034,158.320318,211.388894,279.665421,347.883711,425.296902,506.300008,312.503158,269.766938,244.497421,225.023703,236.507729,286.990802,311.091072,418.305872,456.952630,507.854448,386.474628,314.458513,290.011840,311.627849,319.529964,349.720932,384.107051,454.272192,502.246750,591.938293,443.727710,399.747011,381.999285,382.304027,403.661686,404.474648,455.498146,491.670818,531.974596,626.124250,474.329792,486.120283,460.837959,454.379837,456.431769,488.689851,532.088140,590.254936,647.482847,676.401420,540.407781,514.759948,525.828662,539.342290,532.965077,550.746400,566.395833,639.000121,676.032099,709.841796,595.717893,617.415756,583.753437,586.667222,599.733039,636.874255,662.086530,703.114607,718.762538,788.101381
14,299.752653,234.171740,164.110847,101.006693,56.738923,102.251815,140.569514,220.412349,282.710351,360.237429,280.234366,209.463749,177.788127,80.426511,0.000000,74.399284,144.302756,240.875450,312.466957,385.321219,313.918099,247.664692,174.540699,122.501835,107.560849,125.108419,184.733417,232.321567,330.668500,417.768426,340.507995,261.757021,223.775963,154.474839,150.136838,170.193428,220.403696,281.376382,357.982883,432.898859,376.128328,327.831176,283.941697,242.154865,228.316822,256.649613,268.251848,364.714828,397.072656,441.342581,443.539322,362.652181,320.176064,323.202501,308.179424,322.662800,344.880821,407.962094,448.839320,533.519524,492.285485,436.979829,409.360089,397.984393,399.994462,388.848464,425.720444,448.791683,484.006572,569.370569,518.847191,521.251570,483.821010,466.279802,455.147434,475.571273,507.310607,555.820404,603.595983,625.179878,583.044304,542.779323,544.522452,544.314426,527.332712,535.619701,545.464396,608.243677,635.713451,663.786695,630.272059,645.387038,600.317638,594.103200,599.101735,624.147201,641.062664,677.646061,685.215648,747.288079
15,374.071949,308.568727,238.334413,170.381744,117.902545,88.773075,88.961054,156.539193,217.677656,292.553698,352.891286,281.346664,250.704471,152.979098,74.399284,0.000000,70.234367,167.370236,239.356914,312.152873,382.488722,316.112764,233.705131,172.526401,130.915711,70.925345,115.151081,158.466449,256.490712,343.645312,401.749645,312.297699,274.996328,186.829999,157.606097,138.171372,161.679979,213.497274,288.561967,359.481984,426.420540,374.163889,316.087238,258.337107,222.912190,226.469281,224.330204,306.787716,333.139004,371.944605,486.318989,399.135951,342.434243,328.709768,293.202751,291.671487,301.082256,355.783790,389.719020,469.536714,526.102711,461.421951,425.576773,403.930269,387.988828,366.024623,388.435337,398.942863,429.112172,506.444566,548.375275,541.899637,493.975244,466.641308,443.612320,452.523265,472.831485,511.849246,550.889915,566.258657,609.798072,556.379967,549.408482,536.491084,510.056266,509.446258,513.809713,566.866977,585.745913,608.797972,648.672305,657.351968,602.250721,587.667896,585.141743,598.748539,607.956712,640.179659,640.618564,696.078470
16,443.382763,378.225078,307.566253,236.342407,182.072202,118.078965,73.903713,101.476918,157.406927,227.634660,423.028870,351.359310,320.909659,223.197905,144.302756,70.234367,0.000000,97.293442,169.424191,242.123234,451.244945,384.979953,299.379870,235.974254,185.736646,79.897133,69.473694,93.082343,188.636594,275.734204,466.913100,372.475496,336.185128,241.222687,199.790728,150.085570,132.077329,161.768331,231.483019,293.485566,485.057146,430.940236,364.901410,298.333974,248.448085,227.806685,209.577571,267.981213,284.508113,313.730380,539.456265,449.087668,383.565081,357.268492,305.277279,287.452071,281.448591,323.345726,347.023418,418.786576,572.436275,501.573365,459.982606,430.434748,398.917203,367.077079,373.159646,368.347436,391.387369,456.838589,591.240163,577.889885,522.076544,486.820777,453.422497,450.795420,458.560782,486.138327,514.179773,521.513440,649.880435,586.405807,572.085869,547.893665,512.877218,503.298493,501.807088,543.329140,551.979300,568.683115,681.633698,684.813456,621.581632,599.572921,589.950215,591.973014,592.981544,620.105657,612.566752,659.855136
17,538.443038,473.914305,402.794898,328.596187,273.812140,192.536619,130.861716,75.163833,90.767664,140.749229,520.259173,448.641996,418.057640,320.323082,240.875450,167.370236,97.293442,0.000000,72.187771,144.829903,548.129716,481.952405,394.730792,330.448725,276.358404,160.170178,102.812126,54.724481,105.580253,188.679350,561.382540,463.546037,428.304485,329.957118,281.757092,214.222225,154.683684,133.359337,177.372479,211.750307,574.088240,518.741257,446.606169,374.002014,313.556636,269.889154,234.389222,247.728639,244.031471,250.755323,623.070776,530.561913,457.825208,419.847937,352.760688,316.908583,290.596651,309.101684,313.473955,366.979288,649.022759,572.656273,525.808464,488.507577,440.326924,397.888999,381.824272,354.165286,364.189617,406.010928,664.035148,643.459386,579.803134,536.280865,491.499847,474.368931,464.733378,474.456475,484.189546,477.736105,719.105476,645.214466,622.654529,585.357358,540.377541,519.218060,509.695013,533.232271,525.781889,531.728045,742.580081,739.351436,667.319878,636.585737,618.148140,604.713034,594.212296,613.346000,593.968996,627.546364
18,608.696678,544.661909,473.333675,397.677145,342.964403,256.344731,193.489679,117.869758,87.063958,87.832571,592.218319,520.695922,489.935503,392.207238,312.466957,239.356914,169.424191,72.187771,0.000000,72.854861,620.287418,554.127444,466.468431,401.964444,346.768685,229.406374,166.001590,106.798224,76.245668,136.515692,632.675763,533.496543,498.771662,399.403931,349.025834,276.455530,204.812653,157.499274,168.946723,165.781516,642.868789,587.060117,512.313227,437.470025,373.110477,319.764286,277.327331,260.251156,240.235581,224.428527,688.989373,595.715120,519.776697,476.198204,402.450475,357.768357,320.426276,321.611350,310.472652,345.303397,711.063004,632.062240,582.677998,541.461239,484.476687,436.725003,407.043371,364.344208,363.807384,383.851376,723.889396,699.289837,631.561774,583.639747,532.663125,506.743467,485.688291,482.297188,477.553826,459.789648,776.651101,697.061730,669.730623,624.715520,574.022504,545.595336,530.776845,540.873430,521.214237,518.330804,795.082652,787.952241,710.995344,675.041403,651.103051,627.435117,608.994337,621.999678,594.025642,616.282333
19,681.160882,617.320756,545.938827,469.759400,415.136841,326.524700,263.807233,183.949957,136.872470,85.304496,665.036278,593.465029,562.773981,465.042210,385.321219,312.152873,242.123234,144.829903,72.854861,0.000000,692.544700,626.472859,537.922913,473.162999,416.809179,298.952290,232.699850,172.025760,98.979631,102.109887,703.386548,602.656778,568.572680,468.315545,416.097729,340.094964,261.857479,200.736610,183.034494,135.486807,710.557871,654.344433,577.147366,500.556249,433.286559,372.772748,326.012168,284.162602,250.276157,211.914692,753.533527,659.715826,580.970817,532.507208,453.715840,402.289745,356.572646,342.089671,316.500928,330.084224,771.581250,690.262589,638.695343,594.085774,529.597430,477.770399,436.329052,380.848907,370.008853,366.633522,782.175027,753.699338,682.402885,630.667800,574.415623,540.652243,509.183543,493.155851,473.991809,444.892671,832.453019,747.602508,715.829740,663.787481,608.199210,573.237189,553.577777,550.382148,518.836122,506.931657,845.806356,834.861668,753.535957,712.806842,683.781634,650.464674,624.495680,631.269480,595.087665,605.492667
20,150.667346,145.166512,190.581480,265.934740,306.955642,403.944628,453.428371,534.330150,596.627724,673.861998,67.726343,110.352990,144.395618,234.440920,313.918099,382.488722,451.244945,548.129716,620.287418,692.544700,0.000000,66.399785,159.102841,223.584364,284.754961,398.893521,468.553155,526.754516,623.745086,707.567082,76.907531,146.339824,155.732788,247.205312,305.807154,387.286156,472.108087,547.744051,622.849965,715.359865,167.631461,172.406045,233.644657,287.250869,348.504567,427.218249,470.449537,587.157127,636.750543,700.328668,250.628109,237.536438,285.528413,351.653439,412.858777,471.061596,526.130262,604.378739,664.871320,761.887550,330.357765,336.556461,355.763889,391.084311,460.140013,490.424756,567.810535,630.881746,680.111320,790.621834,370.692253,413.247565,431.427651,459.199261,497.479781,556.091769,624.146415,701.577705,778.973793,825.037719,434.356763,460.892996,499.481814,551.487145,575.226107,616.259257,645.447431,737.637382,796.991811,843.905573,510.851338,551.630533,556.767837,586.322165,621.027096,688.144334,733.699323,783.869478,819.956894,905.264236
21,146.946645,112.262328,136.322476,205.369023,242.984756,339.051102,387.453821,468.066164,530.351394,607.489789,65.067996,51.950477,83.696123,168.544750,247.664692,316.112764,384.979953,481.952405,554.127444,626.472859,66.399785,0.000000,97.778176,160.200996,221.918531,334.097437,403.774956,461.455820,558.867179,643.246037,110.292031,118.375868,111.765358,189.498042,246.998673,326.702694,410.168198,485.182733,561.013277,651.897277,185.313334,168.574722,205.177950,243.766154,297.772301,373.483811,413.984921,530.249326,578.137100,639.688071,269.777248,232.474559,259.891901,317.613802,368.403363,422.036404,473.796608,551.317334,609.768908,705.856762,343.969474,332.644294,340.788834,367.239637,425.828802,449.685708,522.409447,580.351144,628.110570,735.849416,382.059561,415.272726,420.164931,438.682226,468.064157,521.134450,584.207003,657.945986,731.322161,773.831661,448.188523,458.012427,489.035155,531.009910,547.035636,582.727384,608.932961,697.331556,751.873327,796.058752,519.012099,554.328283,547.644895,569.966556,599.185828,659.187596,700.014071,748.341245,779.681463,861.680287
22,221.769788,164.972523,140.623576,172.583216,189.671437,274.982128,313.828251,389.752755,451.304780,525.945546,156.458302,95.337294,92.921337,108.633507,174.540699,233.705131,299.379870,394.730792,466.468431,537.922913,159.102841,97.778176,0.000000,65.141296,125.690588,241.173843,310.612358,369.662649,465.725024,548.893667,168.045076,93.084946,57.924649,92.538969,149.313009,229.076208,313.184895,388.673959,464.006637,556.294297,204.221329,161.506304,150.385954,161.262848,204.911172,277.613972,316.688451,432.720963,480.362084,542.175922,278.065103,210.105201,202.557121,244.129608,280.646969,329.305053,378.390156,455.293539,512.739725,608.469251,337.800091,301.482447,292.937756,305.439987,348.525226,364.620018,432.074111,485.770656,532.526179,638.850812,370.222209,388.034617,373.665776,378.760876,395.844120,441.451119,498.584790,568.432298,638.347450,678.480821,436.875822,421.949110,441.321346,468.816999,474.892843,503.907275,526.623785,610.656532,660.779133,702.809437,496.885700,523.328894,500.235303,512.383501,534.068978,584.769967,620.002975,666.100281,692.675148,771.542215
23,266.510398,203.125455,156.634179,155.230933,153.111946,224.725756,256.463176,329.062227,389.938638,463.305278,213.379190,144.499650,127.820263,82.475815,122.501835,172.526401,235.974254,330.448725,401.964444,473.162999,223.584364,160.200996,65.141296,0.000000,61.784292,176.032582,245.488169,304.539148,400.627157,484.022864,231.045523,140.805926,103.022786,50.864293,94.083052,168.136677,250.152148,324.984375,400.946970,491.921326,255.425485,205.633229,165.636771,143.060134,163.944626,227.009519,260.911666,375.224329,420.627332,480.187501,321.056470,241.174341,208.470055,229.874931,245.626946,284.630306,327.607795,402.494280,456.947745,551.176827,371.052392,320.818836,300.259755,299.901425,325.106373,331.104422,389.892106,435.892645,480.349464,582.839119,399.141966,406.663295,378.651039,372.149297,376.723663,413.119992,462.203390,526.202072,590.529845,626.291776,464.319461,433.419403,443.395541,457.868738,454.189914,475.597784,494.011438,571.930105,615.755932,654.304487,516.273979,536.208732,501.281701,504.737226,519.279044,560.205082,589.111394,632.337998,653.028525,727.429598
24,323.453574,258.364152,203.342815,178.526149,156.360194,201.645959,219.558365,283.944789,342.732338,412.864069,274.636186,204.684173,184.610739,112.843125,107.560849,130.915711,185.736646,276.358404,346.768685,416.809179,284.754961,221.918531,125.690588,61.784292,0.000000,117.911169,186.324799,246.307963,340.929350,423.409655,286.854648,187.306321,152.013757,56.142709,46.514428,107.372643,188.369765,263.286880,339.164087,430.609650,299.323693,245.385057,185.457214,135.054630,126.407754,174.843714,203.319091,315.719540,359.776535,418.503849,355.842881,268.231572,215.585287,215.787857,209.080966,236.910529,273.543752,346.211947,398.316715,491.450503,395.621619,333.937489,303.021217,290.440347,297.220295,293.154828,342.717085,381.711366,424.182826,523.823181,419.028031,416.689246,376.500095,359.134426,351.572837,378.432070,419.409994,477.762951,537.254648,569.702266,481.602447,436.098733,436.962956,438.813811,425.992088,440.004981,454.276854,526.177523,564.577492,600.310482,525.063405,538.506091,492.851853,488.041285,495.673566,527.103658,550.070778,590.489811,606.071922,676.597458
25,415.261049,348.716228,282.470673,226.082346,178.809290,158.189948,140.586693,181.084224,234.397893,299.322546,380.572009,308.488426,282.085246,188.978051,125.108419,70.925345,79.897133,160.170178,229.406374,298.952290,398.893521,334.097437,241.173843,176.032582,117.911169,0.000000,69.681904,128.632099,224.853039,309.323196,404.724533,304.097637,269.639451,170.037658,122.499278,73.087566,95.420218,158.977490,236.357405,319.580501,413.954156,358.574736,288.059671,219.116828,168.992933,158.266362,153.404868,240.405636,272.063781,319.128500,463.930075,372.279823,304.250355,277.733543,230.384795,222.365243,230.198437,286.659621,324.291520,408.447145,493.923438,421.927345,380.095860,351.373609,325.040744,298.663655,317.661092,329.174394,361.256098,444.266138,511.900105,497.993301,442.861012,409.502715,380.281862,384.526890,402.240503,441.137010,482.249565,500.848010,570.136151,506.951338,494.167552,474.211391,443.793263,440.343692,443.556991,495.986411,516.231202,541.181607,601.899007,605.865949,544.778342,525.750153,519.831546,529.626935,537.399740,569.278565,570.046548,627.022338
26,481.460524,415.062264,347.121674,284.389137,232.904917,184.761720,143.095173,147.746048,188.681808,243.246208,449.676161,377.503617,350.339035,255.463123,184.733417,115.151081,69.473694,102.812126,166.001590,232.699850,468.553155,403.774956,310.612358,245.488169,186.324799,69.681904,0.000000,60.708472,155.197548,239.797540,472.990247,370.348405,336.952293,236.012584,183.500486,111.594434,64.508021,98.426640,173.660674,251.034598,477.890445,421.766102,346.324253,272.105843,210.749743,172.010063,145.188103,199.102903,219.436286,257.089426,523.001729,429.828667,355.399396,317.394341,253.702361,226.111272,213.834516,253.888122,279.424040,355.337326,546.706864,469.859100,423.157031,386.996275,344.316568,307.046773,306.096105,298.873746,322.584368,392.706677,561.283997,540.920171,478.568155,437.415932,397.321610,388.398534,391.363797,416.803135,445.341279,454.998359,616.325965,543.831165,523.624788,491.839859,452.233711,438.644801,435.112226,474.145616,482.757803,500.649816,640.846211,639.235016,570.226748,543.445001,529.841119,526.707637,525.225930,551.300485,543.095552,591.036573
27,531.923229,466.012365,396.418547,328.114882,274.346948,207.935583,152.810251,122.209708,145.453751,188.415011,505.076395,432.866307,404.376108,307.773838,232.321567,158.466449,93.082343,54.724481,106.798224,172.025760,526.754516,461.455820,369.662649,304.539148,246.307963,128.632099,60.708472,0.000000,98.743217,185.569984,533.149243,431.003870,397.422233,296.652280,244.085223,169.719031,101.533793,83.291722,141.845305,201.160658,538.533485,482.347559,406.070477,330.743464,266.546265,217.339417,180.029510,198.075058,201.950752,222.334815,582.698444,489.229166,412.992933,370.719433,300.379929,262.472879,236.219399,258.534431,269.170878,331.948255,604.296605,525.710431,477.100451,437.664230,386.585580,343.349029,327.791619,303.925802,317.913487,370.619109,617.463673,594.213526,528.526727,483.429762,437.299727,419.655469,411.195368,424.202909,439.558702,438.965973,670.929450,594.024529,569.795677,530.989567,485.655874,464.842580,456.046412,482.795295,479.950688,490.044979,691.727943,687.024546,613.671766,582.145589,563.424660,550.690567,541.665457,562.357369,545.932065,584.244776
28,630.400653,564.602150,494.767162,424.973690,370.677161,296.176384,235.673003,175.697455,160.690866,157.143310,603.548373,531.325859,503.058094,406.516765,330.668500,256.490712,188.636594,105.580253,76.245668,98.979631,623.745086,558.867179,465.725024,400.627157,340.929350,224.853039,155.197548,98.743217,0.000000,87.182257,626.813021,522.097351,490.024281,388.447646,332.955426,252.807235,169.454367,102.560457,93.467515,106.632372,626.116501,569.413853,488.765622,410.489931,340.799926,276.069374,228.025757,189.540848,164.645972,150.843983,663.992899,569.840301,488.467952,436.662505,355.960490,303.374266,258.142978,249.708065,234.597550,270.915088,677.893322,595.089473,542.390600,496.447301,430.650244,378.876645,340.110833,291.117618,288.094506,309.738686,686.872625,656.477364,584.139612,531.815825,475.516856,443.127802,415.766473,407.759874,401.309701,384.779133,735.733534,649.219375,616.886427,565.247055,510.691149,478.000918,460.620837,466.121036,444.981241,442.600710,747.403466,735.944659,654.632907,614.531332,586.809229,557.554691,536.031990,547.301829,518.011190,540.372566
29,717.460537,651.581642,581.877964,512.073686,457.705151,381.088852,319.517270,252.031945,221.670165,186.426478,689.333099,617.125282,589.342992,493.166664,417.768426,343.645312,275.734204,188.679350,136.515692,102.109887,707.567082,643.246037,548.893667,484.022864,423.409655,309.323196,239.797540,185.569984,87.182257,0.000000,707.307966,600.711483,570.060165,468.447050,411.415031,329.273944,242.919873,167.735858,113.572835,33.377484,701.255680,644.424774,560.919594,481.420864,409.319921,336.983917,285.603666,212.476436,166.573338,113.345809,733.637471,639.607059,555.093326,497.027716,411.135908,350.701209,295.273947,263.088324,225.682431,228.609401,741.063286,655.623516,600.371177,550.153353,474.689128,418.303240,363.268685,296.554602,277.788181,264.724649,746.516804,710.566520,633.803845,576.643897,513.620792,470.400040,428.343054,402.053526,375.122344,343.106912,791.141070,697.621492,659.128565,597.925491,537.091397,495.461891,471.357066,457.737976,420.171601,405.591781,795.095346,778.112183,691.234181,644.674519,609.963350,567.281034,535.357142,537.840779,497.494483,504.084064
30,227.329921,214.520307,246.609724,313.022034,345.641338,438.094863,480.809429,557.714460,619.336891,693.878304,142.085680,162.240549,193.046183,266.527755,340.507995,401.749645,466.913100,561.382540,632.675763,703.386548,76.907531,110.292031,168.045076,231.045523,286.854648,404.724533,472.990247,533.149243,626.813021,707.307966,0.000000,110.514633,137.308093,238.860945,296.416638,379.267834,465.991929,542.419875,614.396520,711.548122,91.414730,107.577737,185.437445,253.078404,322.117061,403.572688,451.084177,566.909330,619.703065,687.759685,173.730661,169.288997,231.306287,303.307008,375.227467,438.672934,498.114748,576.574173,640.172366,738.211209,253.711782,265.264506,290.652172,331.998045,409.499891,446.460890,528.683069,598.555714,649.712277,764.300115,294.239145,338.840562,362.866689,396.386123,441.499320,504.760016,577.540644,658.783816,741.059630,792.261555,357.546372,387.999150,429.873502,487.697832,517.293627,562.882630,594.856424,690.538626,755.468707,805.879794,434.619313,476.512887,486.131418,519.538410,557.702131,630.009672,679.607226,731.314068,772.326420,861.187316
31,265.307231,224.369859,222.515204,264.992313,282.152144,363.744487,397.244672,468.482311,528.577130,599.972122,181.596366,152.246945,167.612751,201.444707,261.757021,312.297699,372.475496,463.546037,533.496543,602.656778,146.339824,118.375868,93.084946,140.805926,187.306321,304.097637,370.348405,431.003870,522.097351,600.711483,110.514633,0.000000,37.984876,134.358174,189.391971,271.563580,358.270405,434.552446,505.323175,603.608610,114.632560,68.422130,88.464505,144.302758,211.776348,293.119525,340.604261,456.397973,509.253940,577.724369,185.038107,121.785259,142.383105,205.440042,268.783556,330.085367,388.415870,466.943430,530.042867,628.007126,246.199675,219.142898,222.719207,249.610627,314.039181,344.484499,423.484060,490.265954,540.853637,654.535336,280.239776,304.307257,302.588266,320.519753,352.980619,409.973172,477.925868,556.160316,635.452951,684.358073,347.131979,343.482248,371.444165,412.935759,431.443652,470.483428,499.178580,591.411430,652.045378,700.390976,411.352291,442.286058,430.241375,451.590796,481.429360,544.117727,587.969421,637.777207,673.703046,759.642781
32,254.872999,206.596805,194.616327,230.460966,245.113754,325.788517,359.482800,431.367763,491.752048,563.809184,176.815270,133.432973,142.186617,164.855586,223.775963,274.996328,336.185128,428.304485,498.771662,568.572680,155.732788,111.765358,57.924649,103.022786,152.013757,269.639451,336.952293,397.422233,490.024281,570.060165,137.308093,37.984876,0.000000,101.663645,159.153364,242.046432,328.730693,405.160783,477.552951,574.274285,152.551760,105.252201,99.005870,132.966281,192.952222,272.529376,317.579930,434.181282,485.486465,551.979252,221.974512,152.264159,153.517666,206.241396,258.438707,315.367383,370.673963,449.048239,510.358526,607.818531,279.942104,245.148085,240.877349,259.818624,314.188989,338.459754,413.174263,475.149395,524.488535,635.790766,312.325279,331.471819,321.674667,332.517466,357.387656,409.389927,472.911113,547.925372,623.678806,669.312800,379.012207,367.201560,390.060834,424.109315,436.528747,471.058562,497.192656,586.188251,642.639653,688.580175,439.914135,467.803887,449.070049,465.441847,491.180652,548.262408,588.295715,636.581553,668.568198,751.743609
33,310.176769,248.993092,206.789400,203.940583,194.968269,253.579988,275.183701,339.993503,398.470462,467.709204,248.945710,184.867235,173.516064,131.580034,154.474839,186.829999,241.222687,329.957118,399.403931,468.315545,247.205312,189.498042,92.538969,50.864293,56.142709,170.037658,236.012584,296.652280,388.447646,468.447050,238.860945,134.358174,101.663645,0.000000,58.783632,141.364693,227.698096,304.076874,377.433469,473.071830,244.320990,189.731357,130.818368,93.679431,115.705883,185.210919,224.488985,340.848695,389.607227,453.539984,299.704959,212.632451,166.035541,180.069285,195.971248,238.863422,286.084249,362.786113,420.345084,516.365578,340.804886,282.526381,256.385093,251.536492,274.245846,281.358848,343.126536,393.748462,440.100970,546.447224,365.496258,366.867101,333.028738,323.107038,325.928176,362.641961,413.413994,479.643719,547.054294,586.092436,429.040239,389.989434,396.400257,407.785285,403.327660,425.171834,444.316458,524.016001,570.649176,611.314198,476.041423,492.814310,453.753836,455.123473,468.675549,509.473095,539.160113,583.015086,605.513335,681.914667
34,360.593390,296.971217,246.219530,225.023626,201.564845,237.338234,245.872757,301.022555,356.425946,421.634869,304.643914,237.755805,221.838921,158.320318,150.136838,157.606097,199.790728,281.757092,349.025834,416.097729,305.807154,246.998673,149.313009,94.083052,46.514428,122.499278,183.500486,244.085223,332.955426,411.415031,296.416638,189.391971,159.153364,58.783632,0.000000,82.914549,169.579516,246.009472,318.807388,415.131944,294.478386,238.268856,165.586013,100.828692,79.994391,133.089833,167.843695,283.469287,331.289679,394.764300,341.508916,249.822896,185.518340,174.601205,162.567175,192.644461,233.539431,308.566299,364.085830,459.317419,372.751151,304.425305,268.120565,249.949798,251.287766,246.732472,298.433123,341.842739,386.362457,490.155993,392.651049,384.299416,338.275598,316.691043,305.949039,331.918953,373.838747,434.170388,496.656921,532.346492,452.955744,399.673984,396.497089,394.260121,379.807992,393.521783,408.163896,481.538540,522.515395,560.316171,491.191414,501.307868,451.377011,443.967817,450.061717,480.590248,503.910877,544.820732,561.920937,634.363860
35,430.130921,364.517306,305.682212,265.338138,226.932311,226.939605,213.671748,248.838762,297.240177,354.819565,381.515318,312.007853,291.612460,211.388894,170.193428,138.171372,150.085570,214.222225,276.455530,340.094964,387.286156,326.702694,229.076208,168.136677,107.372643,73.087566,111.594434,169.719031,252.807235,329.273944,379.267834,271.563580,242.046432,141.364693,82.914549,0.000000,86.766398,163.169729,236.091643,332.308390,373.341213,316.614477,237.090235,161.024710,100.226136,88.914537,100.116562,208.738541,252.525741,313.136473,413.449056,319.728691,243.824356,208.535214,157.322279,154.905262,175.407921,242.987348,291.934266,384.224438,435.153188,358.565861,313.156684,280.705924,252.047541,227.854803,255.907103,281.400681,320.602345,416.987396,449.833984,431.174220,372.450073,336.972814,307.381022,314.414292,338.554878,385.762867,437.115361,465.118570,505.557707,437.108830,422.043580,401.186392,372.109578,371.870069,378.112190,438.069218,467.372991,498.891013,533.082800,534.891732,472.044778,452.701275,447.638601,461.121754,473.141407,508.148364,515.144232,579.301082
