node_id,0,1,2,3,4,5,6,7,8,9,10,11,12,13,14,15,16,17,18,19,20,21,22,23,24,25,26,27,28,29,30,31,32,33,34,35,36,37,38,39,40,41,42,43,44,45,46,47,48,49,50,51,52,53,54,55,56,57,58,59,60,61,62,63,64,65,66,67,68,69,70,71,72,73,74,75,76,77,78,79,80,81,82,83,84,85,86,87,88,89,90,91,92,93,94,95,96,97,98,99
0,0.000000,97.155460,157.912463,202.147499,300.624009,352.642779,424.346459,535.150095,575.495002,686.565945,66.899358,119.793344,195.055060,248.556876,322.106351,371.774851,465.026191,560.184423,594.329776,701.441226,158.145313,173.571588,235.755883,306.703758,343.405548,437.438319,514.101440,547.002920,651.533672,676.692688,229.702930,275.136166,296.220882,338.361380,372.387879,447.947498,521.150250,569.048380,657.772957,730.267424,286.782256,326.244721,381.613621,384.477256,437.832845,489.285920,561.429498,606.034115,701.220671,759.197688,375.538534,396.895486,441.666600,488.536123,525.268549,542.850747,611.930605,690.736769,742.833578,784.590584,476.434624,475.273859,489.926349,540.120415,546.862153,629.829021,660.636357,737.373641,791.654925,870.001607,554.113134,532.575818,593.091073,575.102892,634.342422,689.066290,724.785000,807.675066,835.849439,913.360603,633.325885,643.574034,654.108859,688.472315,717.011613,735.421879,764.097073,854.253533,885.828441,954.602876,698.475496,719.384087,703.986651,759.250254,754.479904,796.751368,838.435194,919.218483,940.679437,1020.845050
1,97.155460,0.000000,72.883338,112.174683,209.718830,259.953673,334.060296,443.834068,484.614251,596.838405,94.373367,79.113971,99.115120,151.808417,226.794194,276.343918,369.520022,465.327232,500.709675,607.080933,147.739620,120.949031,151.517280,213.080082,246.437051,340.398591,417.004826,449.959654,555.023370,580.761671,201.412541,227.552521,228.021254,250.798697,279.445108,352.849097,425.711237,472.009403,560.634283,633.332413,263.088647,274.635645,313.602473,304.079383,349.459288,398.248247,466.394763,510.170166,604.863272,662.480784,348.218063,349.622246,383.533936,412.247864,444.531325,454.109506,519.935561,596.906026,647.410175,688.360876,441.959421,426.177241,427.694859,471.653719,468.808794,544.608276,571.344303,646.725093,699.514278,775.348211,523.102413,489.512613,534.995280,508.298486,560.307086,607.950722,639.735063,718.321043,745.868260,820.195762,599.313573,594.696644,600.993850,625.840858,643.384816,658.341114,681.951542,768.948521,796.832431,863.788007,662.775297,673.094852,648.568098,698.954000,683.912230,719.712266,758.434052,835.334181,853.994760,931.276519
2,157.912463,72.883338,0.000000,44.918490,142.841788,195.361463,266.440190,377.249826,417.584093,528.809632,167.194286,142.407885,84.964982,119.794874,168.257412,217.518379,310.236331,404.070623,437.081473,544.609602,212.409607,168.840936,158.807187,190.948388,205.193648,295.735546,365.909177,397.815094,498.622700,522.072573,254.440440,266.562077,248.372771,241.291441,255.569617,319.468061,389.622710,425.750352,509.625345,579.278573,314.914617,307.473399,328.840417,303.945538,333.806104,375.521531,431.273194,471.273797,562.851864,617.995629,394.773796,382.552901,406.043427,413.955638,439.260767,435.134717,492.872978,564.252519,609.240050,646.547372,481.547464,455.319975,444.974710,481.323192,466.799344,530.533748,549.545194,621.388774,670.442445,739.121857,563.475380,521.984157,553.971402,519.036915,561.849918,599.413222,624.797065,695.056394,721.171847,787.942224,636.593673,620.839364,623.451172,639.071268,644.316305,654.764361,671.109841,752.497395,773.743038,836.728464,698.144003,700.380144,668.369359,713.637306,687.989335,715.579634,750.001465,820.694886,834.721625,906.419789
3,202.147499,112.174683,44.918490,0.000000,98.552562,150.618465,222.694703,333.182212,373.698387,485.397160,205.659875,170.520064,78.293399,91.618808,123.766672,172.804594,265.374934,359.162008,392.369304,499.794259,238.576549,185.327998,151.447760,162.889443,166.390957,254.295414,322.257173,353.865035,453.910210,477.184931,270.298923,272.330468,242.916167,218.212732,224.093684,282.272963,350.692445,383.189036,465.746089,534.815964,328.359762,307.918817,317.627299,284.260034,304.948636,342.552982,392.470258,430.901276,521.206409,575.540391,402.919028,381.430903,397.815237,393.247621,414.414670,403.363652,457.020913,525.832626,568.723541,604.811909,483.619555,450.640685,432.959960,464.353594,443.417274,500.411094,515.700892,585.709907,633.096554,699.017106,565.370116,518.786065,541.869541,502.320470,539.593936,571.625782,593.757792,660.019691,685.462725,749.150528,635.812675,612.727564,612.991903,622.927901,621.221820,629.230632,641.840757,720.297711,738.576947,799.820004,695.698036,692.540213,655.995889,697.950011,666.385073,689.490738,721.619479,789.142565,801.054883,870.273275
4,300.624009,209.718830,142.841788,98.552562,0.000000,53.508751,124.352643,234.631782,275.188418,387.140650,301.583867,258.481198,144.597320,113.235980,47.199269,84.435484,171.879025,262.790823,294.484937,402.297317,321.788092,259.635456,195.111211,157.047437,120.083160,184.140691,237.770157,267.071664,361.028715,382.200675,338.633553,324.698657,277.310651,215.946502,196.355438,228.636925,287.018328,303.295928,378.285528,443.549018,390.602883,348.700769,334.228136,283.536197,277.637117,300.226383,327.987697,359.515349,443.506149,494.052680,453.708125,415.665263,416.769617,383.290776,392.743624,362.215322,401.280149,460.100977,494.939039,526.059790,520.851543,475.200541,442.202402,460.956628,424.591126,461.329697,465.132112,528.234574,569.687180,625.709124,600.484449,544.563822,547.745090,498.408954,520.990053,537.633913,550.193325,603.649093,626.750487,680.028229,664.319608,626.067269,621.113103,617.721367,598.835015,600.329369,602.577319,671.751063,681.057569,736.462327,719.883983,705.198439,659.034635,692.631347,647.071880,658.232922,683.784612,741.805212,747.516417,808.854608
5,352.642779,259.953673,195.361463,150.618465,53.508751,0.000000,77.136040,184.125180,225.089327,337.932919,349.936744,302.491893,185.106563,142.742536,44.638727,40.167549,118.872400,209.340771,241.750867,349.272643,362.257427,296.974898,222.088619,164.253702,108.699072,145.757340,188.419723,216.265128,307.803982,328.697691,371.012073,349.311680,294.682290,218.168736,185.545476,198.801303,248.668452,255.538811,326.665564,390.619307,418.767065,366.663144,339.970756,282.092906,261.366333,274.140667,288.254418,315.536531,395.736144,444.427030,474.658769,428.480675,421.377984,372.999323,375.703258,334.977546,365.142455,418.023143,448.706021,477.477011,533.446694,481.645979,440.996906,452.494930,408.400988,433.356836,430.914843,489.788374,527.999448,579.164889,610.955285,550.601558,542.925909,489.008262,503.266647,511.410488,518.763055,565.233395,587.044688,635.180687,670.535812,624.367731,616.631294,606.066529,578.151919,576.162678,572.930543,636.852501,641.665512,694.075558,723.263246,702.396884,651.422808,680.221291,627.571623,632.328013,654.277143,707.145938,709.772188,767.145740
6,424.346459,334.060296,266.440190,222.694703,124.352643,77.136040,0.000000,111.115301,151.157020,262.788050,425.470616,379.424621,262.228826,219.009197,120.006451,85.856006,85.393234,150.954670,175.339092,283.525111,439.366139,373.819138,296.644572,230.843872,167.325435,161.798629,166.788228,185.510138,256.535305,271.330331,446.491156,421.689575,363.684762,278.679867,236.285656,223.770171,253.452911,234.617058,286.675506,340.826491,492.436261,435.139849,399.857132,337.083823,301.248572,299.740819,287.609602,303.111018,369.548351,410.749784,544.183703,492.758767,478.957893,416.165824,410.398341,356.051518,369.058261,407.245776,426.167719,447.022593,596.679285,540.147029,492.739026,496.181222,443.407002,450.331017,436.782398,485.823081,516.065535,553.816627,671.943912,608.097746,589.505718,531.016443,534.389805,529.716034,528.066571,560.140745,578.852870,613.989562,727.369751,673.573729,662.854466,643.859606,603.999434,596.770641,584.570441,638.052223,633.538547,678.575950,777.057643,749.829553,693.734235,716.357074,654.559311,649.496100,665.181420,708.108513,704.515865,752.685499
7,535.150095,443.834068,377.249826,333.182212,234.631782,184.125180,111.115301,0.000000,41.108668,154.355016,534.018072,484.944047,366.795131,319.158659,222.261214,177.142262,103.142587,69.099792,70.578975,175.707174,541.549221,474.157793,390.916724,314.559939,247.889516,198.514459,150.294589,147.419676,169.740985,174.179637,541.024880,508.876355,445.594370,351.059688,299.477436,256.874295,254.497151,200.808871,215.042016,251.012731,581.634581,514.397891,465.632911,398.268359,344.081227,323.411165,275.940528,272.195323,312.257141,340.390330,623.654812,563.277559,538.599346,456.167602,438.425206,368.301542,355.802476,370.034780,370.929735,379.654385,663.474375,599.803265,542.740174,533.726502,470.218873,450.703587,421.878570,454.358275,472.054207,490.013610,733.631160,664.726407,628.834940,564.887286,551.850732,528.551011,513.929928,524.291162,538.058989,554.343880,781.033591,715.350959,700.051210,668.317258,611.499686,596.762102,571.878920,608.901124,591.379241,625.287896,824.884467,787.492514,724.172416,736.785452,662.455835,643.038338,649.251388,677.039412,664.802480,699.507087
8,575.495002,484.614251,417.584093,373.698387,275.188418,225.089327,151.157020,41.108668,0.000000,113.259213,575.019161,526.049205,407.894447,360.091033,263.361496,217.983294,139.854211,76.393220,51.739467,143.067544,582.488149,514.977266,431.205056,353.759194,287.177209,231.804695,173.214680,162.790099,156.498379,152.512911,581.128666,547.919643,483.921703,388.207875,335.469771,287.401809,276.458779,213.346079,208.734687,232.048883,620.880501,552.019726,500.727532,432.839866,375.117940,349.931458,293.004102,282.346618,309.697348,330.662615,661.039413,598.961551,571.925053,485.172286,464.364068,390.671651,370.102346,374.916085,367.967958,370.708637,698.005150,632.857739,573.681499,561.436281,495.467546,468.024844,434.352140,460.099736,472.429937,481.309650,766.741180,696.786081,656.456805,591.355834,573.565450,544.459215,525.460613,527.425710,539.032417,546.962450,811.961949,743.265519,726.733290,691.396499,629.586406,612.458921,583.358155,613.908298,591.301849,620.201946,854.117032,813.970423,748.777416,758.280063,680.332355,656.169725,658.945719,680.807084,665.189499,694.000441
9,686.565945,596.838405,528.809632,485.397160,387.140650,337.932919,262.788050,154.355016,113.259213,0.000000,687.815486,639.295484,521.150086,473.205360,376.616216,331.040313,248.926981,163.383447,118.958021,99.657686,695.585493,627.903924,543.300189,464.153526,397.949514,333.912636,262.271071,240.948968,176.320739,148.860328,692.778327,657.586933,592.354612,494.835838,440.420936,383.459882,357.076953,280.349301,234.668525,217.974064,730.839429,658.876136,602.718861,534.271107,470.345338,436.818020,363.010332,338.343827,333.254052,333.158578,767.128946,701.683078,669.813196,574.690959,547.649284,467.938342,430.455182,412.917381,386.379359,372.611438,797.875991,729.809855,666.447785,647.255191,576.745615,532.077921,488.110261,496.612979,494.742187,478.534078,863.204755,791.213352,741.171350,674.084211,645.692381,603.486943,574.363510,555.161391,560.788708,545.750052,903.281189,828.007716,808.735372,765.279469,692.360603,669.741993,630.853208,644.390468,608.914509,623.516577,941.312162,894.905878,825.747406,827.758534,741.915091,706.465693,700.585260,706.780805,682.475642,694.659152
10,66.899358,94.373367,167.194286,205.659875,301.583867,349.936744,425.470616,534.018072,575.019161,687.815486,0.000000,66.667929,172.706146,226.457929,313.544415,362.214757,454.382943,550.997177,588.218325,693.122395,91.290635,116.439292,193.304525,273.323811,320.152496,413.489939,494.243123,527.692478,635.701846,663.423550,163.378741,211.610628,239.963023,295.348064,336.127055,415.187083,488.582871,543.924411,636.106295,711.229916,219.899460,262.991799,323.586017,333.887481,393.918966,448.236007,527.384343,574.199465,670.827088,730.454455,308.650074,331.986126,379.183596,433.790528,473.254912,498.248912,571.330890,653.051750,708.860961,753.295631,409.697119,410.332250,428.475756,480.845396,492.780310,580.866930,615.911082,694.072435,750.404040,833.482860,487.220957,466.504085,529.839070,514.923325,577.319857,636.337551,675.188140,762.380323,791.265048,873.522853,566.472471,578.134832,589.456924,626.313031,659.430435,679.753725,711.858022,804.431893,839.842092,910.821116,631.655546,653.443700,639.747458,696.186550,695.260552,740.855289,784.359477,867.942450,891.973627,975.232965
11,119.793344,79.113971,142.407885,170.520064,258.481198,302.491893,379.424621,484.944047,526.049205,639.295484,66.667929,0.000000,118.208300,169.107741,262.697229,309.579558,399.756897,496.443070,535.342605,638.308539,70.089665,53.860389,127.089914,209.071431,259.916520,351.962063,434.133792,467.667339,576.934816,605.902596,123.916841,158.695918,176.680087,228.749175,270.562550,350.288308,423.527594,481.239414,574.564750,650.652387,185.379480,208.878936,261.849032,268.029879,327.251067,381.672132,461.872278,509.172400,606.052708,666.088220,272.049407,281.742727,323.053099,369.780201,408.022955,431.607551,504.750382,586.739001,643.156432,688.181056,368.626312,359.756488,370.624612,420.328814,428.464706,514.815726,549.297256,627.411011,683.758452,767.255563,448.865307,420.085233,474.858397,455.383886,514.858865,571.488061,609.327523,695.832768,724.666999,806.934847,526.347697,528.669587,537.553066,569.359975,597.417080,616.414208,646.845446,738.671987,773.376839,844.188839,590.597938,605.800677,586.729269,640.693848,634.688743,677.675207,720.175187,802.633707,825.966708,908.744813
12,195.055060,99.115120,84.964982,78.293399,144.597320,185.106563,262.228826,366.795131,407.894447,521.150086,172.706146,118.208300,0.000000,54.256951,144.533989,191.502467,282.464481,379.195467,417.499812,521.261883,177.658109,115.356186,74.997907,114.945769,149.158673,243.229569,322.274989,355.612979,463.071983,490.734906,197.105666,194.376907,166.143016,158.979760,181.428730,253.740782,326.609113,374.676059,465.038661,539.271727,252.937776,229.753714,244.448718,219.593037,254.961220,301.129829,367.282953,411.177733,506.171498,564.216347,325.161151,303.614834,322.815453,329.621247,356.605881,358.555105,421.908709,498.004662,548.318422,589.572501,405.400084,374.000752,360.528132,396.365404,383.327164,451.581916,474.974069,549.324388,601.247453,676.252429,487.192397,441.676501,469.581546,434.072284,477.784960,518.223766,546.446582,621.644885,648.761047,721.452410,558.103269,537.870363,539.575100,554.123186,560.463602,572.020502,590.947053,675.091719,700.291238,766.102490,618.456757,617.578129,583.967753,628.724147,603.625014,633.068231,668.976182,742.435096,758.957959,834.257707
13,248.556876,151.808417,119.794874,91.618808,113.235980,142.742536,219.009197,319.158659,360.091033,473.205360,226.457929,169.107741,54.256951,0.000000,99.011856,142.175511,230.767271,327.395069,366.733537,469.205354,222.397206,155.311019,81.910654,71.812407,95.010131,189.114166,268.075333,301.444761,409.269185,437.388208,228.470753,211.469260,166.403889,126.758204,135.779795,202.805410,274.883547,320.651161,410.782441,485.088799,278.156997,236.800356,232.244812,193.536460,214.670670,255.812102,316.011580,358.760922,453.099186,510.695917,340.651423,306.077041,314.151331,301.920863,322.902427,315.351097,374.170932,447.869566,496.325465,536.641965,410.764574,370.010947,345.771942,374.118873,351.800368,411.092553,429.912872,502.420047,552.648841,624.985695,491.362943,439.111580,454.110954,412.110792,447.990077,481.034609,505.154395,575.731509,602.146241,671.617435,558.007024,527.724142,526.147254,532.763621,529.608637,537.925298,552.030919,632.716938,654.436257,718.405006,615.733903,607.486095,567.750046,607.890339,574.803859,598.342171,631.356498,700.991152,714.992996,787.544377
14,322.106351,226.794194,168.257412,123.766672,47.199269,44.638727,120.006451,222.261214,263.361496,376.616216,313.544415,262.697229,144.533989,99.011856,0.000000,49.669555,142.920313,238.542281,274.721601,380.407370,320.271361,254.050155,177.529875,122.036891,74.749217,138.853902,199.352373,230.435683,330.457360,354.666668,326.776260,304.704721,250.753476,178.292563,152.300164,181.467788,241.011620,262.439386,342.328879,411.062372,374.146654,322.760783,299.288807,244.227260,232.313181,253.170004,282.273782,315.559352,402.017638,454.428614,430.421320,385.771433,381.315357,340.268501,347.495423,315.118376,354.542089,414.964596,452.058753,485.162271,490.919820,440.996482,403.474124,418.823424,379.637316,414.225088,418.094751,481.846211,524.252605,582.848298,569.105450,510.187056,507.362301,455.944699,475.720945,490.715410,502.995477,557.203465,580.617482,635.989473,630.163551,587.318318,580.968533,574.508368,552.890590,553.717064,555.410654,624.717135,634.809359,691.175543,684.031014,665.949548,617.491250,649.196468,601.434758,611.393482,636.632733,694.736755,700.870038,763.267880
15,371.774851,276.343918,217.518379,172.804594,84.435484,40.167549,85.856006,177.142262,217.983294,331.040313,362.214757,309.579558,191.502467,142.175511,49.669555,0.000000,93.254635,189.122599,226.147814,331.134253,364.545242,297.016798,214.902803,145.152980,81.726303,105.595383,153.405387,183.222998,281.111987,305.013540,365.277308,337.323745,278.129158,193.338154,154.108016,159.459419,208.591731,218.967261,294.859319,362.228500,408.854234,349.421667,314.950847,253.666913,225.920620,235.309363,248.377131,276.829539,359.232645,409.639979,458.580012,407.056178,394.904459,339.210530,339.203304,295.704472,324.987476,378.751399,411.187388,441.660810,511.186493,455.855118,411.178824,419.108256,372.077011,393.803212,390.754546,449.836317,488.671777,541.871109,587.000373,524.225520,510.864141,455.071643,466.157908,472.093297,478.729149,525.296516,547.304823,597.004331,643.840596,593.568997,584.514181,570.906090,540.044727,537.205580,533.054375,596.689150,601.885069,654.991985,694.850809,670.878390,617.824026,644.648722,589.735212,592.984156,614.390752,666.980991,669.782816,727.884302
16,465.026191,369.520022,310.236331,265.374934,171.879025,118.872400,85.393234,103.142587,139.854211,248.926981,454.382943,399.756897,282.464481,230.767271,142.920313,93.254635,0.000000,96.733749,136.557577,238.812735,451.204626,382.613506,295.657959,215.237325,149.225916,97.325638,81.394994,102.075204,189.207172,211.884191,444.301615,408.810350,344.234639,248.415545,196.348599,158.447256,173.098889,149.403186,209.182722,271.752461,481.988378,412.167052,362.518500,295.295291,243.968015,230.160580,204.472138,217.772540,285.988352,330.180432,521.221736,460.144513,436.066174,357.797759,344.486696,281.630171,286.406132,321.875530,341.869895,365.168441,560.431656,497.373761,441.969951,436.616519,377.053587,372.144227,354.224159,400.899520,430.682834,470.476726,631.101552,562.877108,531.476156,469.293807,463.738236,451.471868,446.117919,474.994482,493.496620,529.721871,679.951799,617.411491,603.669976,577.201755,529.283341,519.215892,503.183360,553.672342,548.169931,593.490521,725.322475,691.152868,630.544418,647.850787,580.191052,570.041611,583.249686,623.591596,619.263496,667.534604
17,560.184423,465.327232,404.070623,359.162008,262.790823,209.340771,150.954670,69.099792,76.393220,163.383447,550.997177,496.443070,379.195467,327.395069,238.542281,189.122599,96.733749,0.000000,44.510304,142.126390,547.077567,478.289768,390.165856,307.380551,242.975125,171.098456,100.669888,86.577547,106.899307,120.694466,537.230643,498.391085,431.953514,333.322338,278.164248,220.395203,201.660761,137.102621,146.913050,190.884018,571.817941,497.025000,439.379990,370.916305,307.685561,277.688364,216.691384,206.870895,243.170604,272.799855,604.703052,538.380689,506.766180,414.560680,391.132457,315.594031,293.808708,302.228839,301.841662,311.653876,634.582044,567.013008,504.983497,489.339325,421.679769,391.653255,358.418561,386.983635,403.191091,421.741357,700.620759,629.239670,584.088198,518.202712,497.959973,468.085500,449.836276,456.062808,469.327176,485.688960,742.695190,671.011297,653.532638,616.204514,553.236926,536.105961,507.780397,541.346159,522.495023,556.269648,782.930479,740.534854,674.258816,682.498603,603.963693,580.194718,584.023358,609.080520,596.010584,630.513467
18,594.329776,500.709675,437.081473,392.369304,294.484937,241.750867,175.339092,70.578975,51.739467,118.958021,588.218325,535.342605,417.499812,366.733537,274.721601,226.147814,136.557577,44.510304,0.000000,108.268130,587.726497,519.168186,431.958232,350.150798,285.022702,215.536341,143.867095,125.506157,104.902176,104.194835,579.879529,542.015461,475.869338,377.490444,322.500339,264.567710,242.123330,171.322091,157.259095,182.489701,615.423053,541.309192,483.877326,415.408466,351.640325,319.987618,253.317359,237.258234,258.643433,278.958479,649.113651,582.885241,550.949459,457.406477,432.499359,355.166494,327.200427,326.183782,316.724351,318.981909,678.924698,611.066564,548.423701,531.342520,462.520045,426.978603,389.700417,411.483879,421.819956,429.591033,744.578974,672.919192,625.831029,559.451326,536.203299,501.902472,479.827862,477.613581,488.510800,495.223030,785.822023,712.764005,694.622776,655.086458,588.571554,569.523280,537.537218,564.692983,540.455993,568.543998,825.230230,781.373487,714.040396,720.135090,639.002038,611.265710,611.919157,631.046422,614.409561,642.305474
19,701.441226,607.080933,544.609602,499.794259,402.297317,349.272643,283.525111,175.707174,143.067544,99.657686,693.122395,638.308539,521.261883,469.205354,380.407370,331.134253,238.812735,142.126390,108.268130,0.000000,687.729644,618.781454,529.607087,445.211104,382.637528,302.239168,219.889939,190.312003,93.475032,58.046632,674.458303,632.196347,564.448777,464.723125,408.504967,339.619704,297.191789,214.517900,146.477766,118.400276,705.433890,625.884076,560.970176,493.056756,421.725791,379.444131,293.431921,259.937147,238.991055,234.094565,730.972989,659.624852,620.415108,516.314239,483.333515,400.165310,351.107541,322.175892,289.616727,273.266947,749.869817,678.243391,610.264890,583.614573,509.923368,452.686602,403.387250,403.900183,397.827079,378.880183,809.563056,735.550173,675.189245,607.029009,570.135954,519.878423,485.847428,459.148174,463.350045,446.096748,842.818775,761.188189,739.510456,689.709830,609.959715,584.419936,541.113617,548.579263,510.543099,523.879496,876.070181,824.036326,752.066097,748.508594,658.360197,617.360791,607.978698,609.631243,583.866093,595.013222
20,158.145313,147.739620,212.409607,238.576549,321.788092,362.257427,439.366139,541.549221,582.488149,695.585493,91.290635,70.089665,177.658109,222.397206,320.271361,364.545242,451.204626,547.077567,587.726497,687.729644,0.000000,69.021079,159.801301,246.085605,305.258992,392.625142,476.654110,509.998307,620.717432,651.588795,73.275499,128.077574,172.156019,249.785072,299.658833,380.760833,452.174256,517.353158,612.770097,690.519332,128.649029,178.776295,248.660832,272.627277,342.163074,399.564590,487.786512,537.007783,634.226643,695.512168,217.410976,243.703699,294.996450,362.579448,406.032929,442.712955,520.817938,605.820078,666.492435,714.371799,318.449058,321.690646,345.705434,401.355197,421.839664,517.133172,558.389084,637.887901,696.786963,786.176922,395.989592,376.031783,443.563972,433.685888,500.780365,566.150043,609.551375,702.608202,732.348531,821.067148,475.186167,488.457937,500.906433,541.457926,581.533246,604.713574,641.903421,737.598238,778.527488,852.361987,540.365434,563.045568,551.733397,609.815283,614.690822,665.168315,711.233352,798.634626,826.362421,913.788748
21,173.571588,120.949031,168.840936,185.327998,259.635456,296.974898,373.819138,474.157793,514.977266,627.903924,116.439292,53.860389,115.356186,155.311019,254.050155,297.016798,382.613506,478.289768,519.168186,618.781454,69.021079,0.000000,91.203454,177.480631,236.253897,323.886149,407.798775,441.180367,551.818897,582.590456,85.752645,107.286761,123.693819,185.952473,233.159837,314.172821,386.375237,449.551933,544.628292,622.129037,146.133250,156.268467,208.281164,218.244007,281.987827,338.114338,423.064931,471.667578,568.907497,629.821971,228.334996,230.218738,269.502030,317.408348,356.947462,385.067695,460.644480,544.297578,603.119407,649.885774,321.010470,307.744223,316.809079,366.581007,376.355588,465.245439,502.216968,581.022762,638.541231,724.953536,402.194064,369.555397,421.393971,401.545607,461.641140,519.909492,559.271633,648.078822,677.287422,762.343560,478.401022,476.679394,484.779844,515.576470,544.053157,563.634030,595.450860,688.384483,725.113143,797.110195,541.997930,554.352563,533.621796,587.072254,580.985433,624.815078,667.973410,751.609483,776.184395,860.550418
22,235.755883,151.517280,158.807187,151.447760,195.111211,222.088619,296.644572,390.916724,431.205056,543.300189,193.304525,127.089914,74.997907,81.910654,177.529875,214.902803,295.657959,390.165856,431.958232,529.607087,159.801301,91.203454,0.000000,86.305485,147.208076,232.824132,316.898434,350.214393,460.996902,492.159719,150.374564,129.601205,91.492145,102.869572,143.892947,224.351352,297.220629,358.523559,453.453205,530.926539,196.843705,158.026572,170.058501,152.603434,202.270742,255.244724,335.051161,382.802669,479.891264,540.367832,259.317973,230.340870,247.826469,261.377710,293.043286,307.236814,378.340271,459.748774,516.162105,561.620047,333.553593,299.335629,286.190125,324.353396,317.414022,394.646598,425.070811,502.320421,557.733087,640.209918,414.984636,367.346222,395.167993,361.753584,409.718725,456.584196,489.740014,572.050835,600.398882,680.497579,484.504300,462.874865,464.782299,481.203960,492.754054,506.937843,530.831198,619.160726,650.119598,719.459023,544.251004,542.580222,509.565099,555.486050,534.332590,568.288068,606.977415,684.867661,705.143114,785.212222
23,306.703758,213.080082,190.948388,162.889443,157.047437,164.253702,230.843872,314.559939,353.759194,464.153526,273.323811,209.071431,114.945769,71.812407,122.036891,145.152980,215.237325,307.380551,350.150798,445.211104,246.085605,177.480631,86.305485,0.000000,66.675077,146.580230,230.784169,264.026357,374.911412,406.441904,229.851415,194.329592,133.022492,59.604181,66.490246,142.085143,215.544547,272.845008,367.359576,444.669853,267.128601,204.296610,177.727226,127.873350,142.946216,186.329645,255.110930,301.054052,397.519738,457.187070,313.430020,264.229032,260.103067,233.142001,251.642074,244.654951,307.021714,384.134417,436.728325,480.148665,369.211155,319.267885,285.465231,307.895769,281.093753,339.587143,360.369371,434.386232,486.484807,563.320571,447.091548,388.551938,391.939832,345.773589,377.617489,409.222216,433.897561,506.856064,533.856647,607.184755,508.493871,469.203977,464.998045,466.160737,458.754415,466.343323,480.324708,561.868149,585.530218,651.165489,563.182875,548.487302,504.310860,541.336128,504.543636,526.654379,559.560565,629.844951,644.887781,719.356295
24,343.405548,246.437051,205.193648,166.390957,120.083160,108.699072,167.325435,247.889516,287.177209,397.949514,320.152496,259.916520,149.158673,95.010131,74.749217,81.726303,149.225916,242.975125,285.022702,382.637528,305.258992,236.253897,147.208076,66.675077,0.000000,94.104737,174.295748,207.814136,317.147963,346.865357,295.085007,261.004204,198.846436,111.642415,77.810293,116.309689,184.542466,225.670209,316.107834,391.141557,333.765518,269.301924,233.404384,173.577650,157.700141,182.359347,226.269898,266.334952,359.300556,416.203213,378.721075,325.433344,313.865010,265.923189,272.876844,244.400341,291.533599,359.524297,404.289565,442.981587,429.466456,374.601671,332.316012,344.873290,304.934389,343.335844,352.177245,420.127426,466.735071,533.967149,505.371950,443.211872,434.500138,381.777405,401.125813,418.599948,434.077354,494.846069,519.757255,583.016952,562.997219,515.676908,508.193345,499.972607,478.751934,480.606454,485.051595,558.229372,573.211139,633.522684,614.952234,593.783994,543.731579,574.581712,527.045064,538.909871,565.988856,627.795943,637.000057,704.232371
25,437.438319,340.398591,295.735546,254.295414,184.140691,145.757340,161.798629,198.514459,231.804695,333.912636,413.489939,351.962063,243.229569,189.114166,138.853902,105.595383,97.325638,171.098456,215.536341,302.239168,392.625142,323.886149,232.824132,146.580230,94.104737,0.000000,84.389572,117.471787,228.451204,260.610857,373.130982,329.996445,262.493616,163.035428,107.282948,62.618731,103.305809,131.612309,222.689097,298.866328,403.296175,326.147993,269.397592,201.222773,146.650311,137.965612,143.888243,177.295484,267.119415,322.835898,433.607977,368.098955,340.310419,260.767865,249.964004,194.946306,219.395832,276.141663,314.697743,350.811827,466.242398,401.410238,344.749556,339.940544,282.854616,291.165141,285.272351,344.781091,385.580800,445.272986,535.279260,466.226283,434.607094,373.250360,372.704284,370.194799,373.872825,420.255242,442.841050,497.366320,582.864318,520.327131,507.094585,483.459127,442.461830,436.509235,428.830609,491.095165,497.270219,552.428419,627.997236,594.529415,535.209870,555.305125,492.915259,490.736544,510.073428,561.389509,564.562617,624.720626
26,514.101440,417.004826,365.909177,322.257173,237.770157,188.419723,166.788228,150.294589,173.214680,262.271071,494.243123,434.133792,322.274989,268.075333,199.352373,153.405387,81.394994,100.669888,143.867095,219.889939,476.654110,407.798775,316.898434,230.784169,174.295748,84.389572,0.000000,33.535764,144.127653,176.337345,457.284225,412.910985,344.876450,245.100629,188.823748,121.981800,104.243707,68.598009,143.908115,217.020053,485.975127,406.070283,343.297495,274.916264,208.141289,177.204114,128.016343,136.492622,207.737599,256.313991,511.777267,442.350583,407.810860,313.891630,291.229201,218.293565,209.673793,240.517182,262.182888,289.064515,536.345860,467.594146,404.562568,388.896651,322.252978,301.275548,277.130587,320.182952,349.302956,391.866557,600.934445,529.075023,483.763867,418.273097,401.751197,379.762790,369.456533,393.933123,412.150640,449.797799,642.095771,570.657552,553.653531,518.792048,461.518683,447.947630,427.060715,473.578994,466.806388,512.485628,682.324002,640.828389,575.662590,586.681029,512.506207,496.141556,506.215729,543.284761,538.043433,586.437411
27,547.002920,449.959654,397.815094,353.865035,267.071664,216.265128,185.510138,147.419676,162.790099,240.948968,527.692478,467.667339,355.612979,301.444761,230.435683,183.222998,102.075204,86.577547,125.506157,190.312003,509.998307,441.180367,350.214393,264.026357,207.814136,117.471787,33.535764,0.000000,111.047868,144.168958,489.751433,444.435443,376.171517,276.462239,220.217297,149.321982,116.682438,53.899531,111.898414,183.663803,517.291263,436.001796,370.821588,302.788476,232.809465,195.912107,130.234797,125.795474,184.145294,228.673072,540.675992,469.632849,432.444186,333.869470,307.246072,229.771613,208.635826,227.107826,240.693530,263.157184,561.575056,491.417802,426.194611,406.486321,337.058429,305.335138,274.462214,309.759021,333.535978,368.576189,624.094728,551.289939,500.711010,434.088685,411.570738,382.255180,366.521978,381.760123,397.995679,428.486684,662.445970,587.622644,569.185668,530.069955,466.833519,450.386442,424.465788,464.215454,452.274633,493.858368,700.525206,655.883166,588.649161,595.997049,517.615935,495.758278,502.064013,533.186233,524.619302,568.112242
28,651.533672,555.023370,498.622700,453.910210,361.028715,307.803982,256.535305,169.740985,156.498379,176.320739,635.701846,576.934816,463.071983,409.269185,330.457360,281.111987,189.207172,106.899307,104.902176,93.475032,620.717432,551.818897,460.996902,374.911412,317.147963,228.451204,144.127653,111.047868,0.000000,36.946042,600.656870,554.528262,486.082172,386.599965,330.508084,256.232910,206.781889,123.448465,58.722667,84.292338,627.084216,544.022423,475.294521,408.305686,334.310551,288.942088,200.313629,166.771359,159.980776,174.272270,646.797301,573.144058,531.194368,424.679765,390.490416,306.985857,258.397811,236.764454,216.284431,214.430386,660.670935,588.064486,518.914731,490.706884,416.690540,360.176451,312.953395,320.950202,323.616334,324.946017,718.457887,644.044475,581.910100,513.696319,476.979997,429.030547,398.154140,382.133623,390.310083,390.887677,750.150010,667.808722,646.039918,596.626313,518.665177,494.545162,454.540303,470.774755,440.799725,465.076109,782.772080,730.581946,658.775828,656.237503,567.616891,530.221029,524.621135,535.017684,514.825137,538.527121
29,676.692688,580.761671,522.072573,477.184931,382.200675,328.697691,271.330331,174.179637,152.512911,148.860328,663.423550,605.902596,490.734906,437.388208,354.666668,305.013540,211.884191,120.694466,104.194835,58.046632,651.588795,582.590456,492.159719,406.441904,346.865357,260.610857,176.337345,144.168958,36.946042,0.000000,633.620637,588.588265,520.282048,420.607930,364.377979,291.527843,243.616940,160.312019,88.694338,79.924431,661.385848,579.220872,511.381543,444.140717,370.695480,325.817344,237.038823,202.113355,184.473935,187.791396,682.608305,609.436606,567.956506,461.625308,427.283076,343.636069,293.097970,265.716965,237.763991,227.970985,697.444710,624.944455,555.859906,527.465084,453.279343,394.646715,345.569522,348.488730,346.079860,336.928505,755.400020,680.990098,618.438948,550.174847,512.233522,462.006101,428.820128,406.306716,412.313210,403.815448,786.967429,704.210180,682.185573,631.767073,552.016884,526.785221,484.497199,495.531052,461.166607,479.996202,819.268741,766.458311,694.238844,690.463953,600.528917,560.582774,552.625246,558.111414,534.967940,552.508397
30,229.702930,201.412541,254.440440,270.298923,338.633553,371.012073,446.491156,541.024880,581.128666,692.778327,163.378741,123.916841,197.105666,228.470753,326.776260,365.277308,444.301615,537.230643,579.879529,674.458303,73.275499,85.752645,150.374564,229.851415,295.085007,373.130982,457.284225,489.751433,600.656870,633.620637,0.000000,61.956633,122.482828,216.164476,271.048700,350.194959,417.808738,489.682860,586.093990,664.942431,61.676131,109.105398,186.061658,222.334255,297.811015,356.152059,449.983168,500.284749,596.617642,658.557987,148.434065,170.614064,223.879823,300.742078,346.813603,392.542703,473.511579,560.079509,623.964373,674.105174,247.201237,248.462238,275.222988,332.757920,359.438997,459.354692,505.041825,584.862726,645.284138,738.888400,326.242174,303.145278,370.954363,363.775894,433.663335,503.151508,549.609115,646.441663,676.649753,769.699596,404.648355,415.240797,427.657815,469.343555,513.211609,538.166238,578.681786,676.164199,720.853695,796.444498,469.477392,490.118693,478.555320,537.055405,544.679903,598.008001,645.603435,735.294955,765.467160,855.529309
31,275.136166,227.552521,266.562077,272.330468,324.698657,349.311680,421.689575,508.876355,547.919643,657.586933,211.610628,158.695918,194.376907,211.469260,304.704721,337.323745,408.810350,498.391085,542.015461,632.196347,128.077574,107.286761,129.601205,194.329592,261.004204,329.996445,412.910985,444.435443,554.528262,588.588265,61.956633,0.000000,68.587165,167.982139,224.220721,300.211904,364.743133,439.789037,536.098677,615.166991,73.429447,51.398251,124.114383,163.514749,240.803136,299.001328,394.848704,445.381435,540.857917,602.901125,130.880446,123.113024,167.794662,238.814393,284.899766,332.464673,414.145397,501.041396,565.995233,616.943854,215.615496,201.063776,217.914544,273.342156,297.586518,397.503087,443.856339,523.664927,584.374997,679.043347,297.384352,262.272859,318.260816,305.650836,373.295223,441.442432,487.653618,584.689031,614.944628,708.730868,372.236638,369.974958,379.213539,414.873311,453.635993,477.552577,517.035652,614.294545,658.950261,734.682001,435.328509,447.274157,428.868539,484.589110,486.639358,537.723273,584.637943,673.707263,703.564277,793.587901
32,296.220882,228.021254,248.372771,242.916167,277.310651,294.682290,363.684762,445.594370,483.921703,592.354612,239.963023,176.680087,166.143016,166.403889,250.753476,278.129158,344.234639,431.953514,475.869338,564.448777,172.156019,123.693819,91.492145,133.022492,198.846436,262.493616,344.876450,376.171517,486.082172,520.282048,122.482828,68.587165,0.000000,99.776125,156.057269,231.637031,296.790894,371.244010,467.581693,546.642294,141.125302,72.007340,86.067221,101.206151,175.345779,233.680700,327.897924,378.317617,474.371154,536.357289,180.503142,139.888682,157.899252,193.866196,234.848369,271.939469,351.880470,438.117666,501.548804,551.624541,244.362510,207.882776,199.826880,244.885656,252.963053,345.160324,386.595657,466.244996,525.727565,617.491277,325.126554,275.871066,307.835289,280.901538,338.181223,396.882005,438.122141,530.459465,560.232756,650.142049,393.355012,372.472049,375.772910,397.827691,420.792252,439.943144,472.552038,566.711396,606.416017,680.245759,452.794180,452.012285,421.942149,470.998830,458.743731,501.138338,544.416963,629.001636,655.096525,741.717496
33,338.361380,250.798697,241.291441,218.212732,215.946502,218.168736,278.679867,351.059688,388.207875,494.835838,295.348064,228.749175,158.979760,126.758204,178.292563,193.338154,248.415545,333.322338,377.490444,464.723125,249.785072,185.952473,102.869572,59.604181,111.642415,163.035428,245.100629,276.462239,386.599965,420.607930,216.164476,167.982139,99.776125,0.000000,56.282914,134.040778,203.112166,273.547105,369.973451,448.883201,240.888569,164.066632,121.942555,68.286328,99.473076,152.945258,238.006370,287.393867,384.548782,445.999951,272.837295,214.512806,203.260068,175.179909,197.985617,204.489367,276.002814,358.603510,417.259084,464.619857,318.008793,263.503214,226.256054,248.634612,225.770610,293.871573,322.288088,399.454699,455.113262,539.263493,393.749665,332.434653,332.371311,286.569023,321.537038,359.262064,388.978318,469.314901,497.570685,578.185766,452.378831,410.130591,405.496088,407.092816,403.533443,413.498480,432.249082,518.151161,547.489076,616.589937,505.744296,489.262078,444.715744,482.273092,448.231053,474.392616,510.017789,584.714641,603.380387,682.484956
34,372.387879,279.445108,255.569617,224.093684,196.355438,185.545476,236.285656,299.477436,335.469771,440.420936,336.127055,270.562550,181.428730,135.779795,152.300164,154.108016,196.348599,278.164248,322.500339,408.504967,299.658833,233.159837,143.892947,66.490246,77.810293,107.282948,188.823748,220.217297,330.508084,364.377979,271.048700,224.220721,156.057269,56.282914,0.000000,81.108032,153.389402,219.103299,315.362870,394.046957,297.171355,218.891929,166.635435,101.127176,82.606224,120.191358,191.314658,238.924383,336.059356,396.736171,326.712205,263.800399,243.240635,188.112956,196.883421,179.669483,240.546612,318.401103,372.734364,417.737908,364.781999,304.618805,257.106821,267.163482,228.388018,276.322498,294.345786,367.935034,420.069667,498.143098,437.446683,372.059534,357.452159,303.986372,324.987042,348.452883,369.812016,440.589492,467.454514,541.066666,491.130294,439.559889,431.156445,422.220757,403.915338,408.139118,417.844361,497.012454,519.283530,584.676244,541.052947,517.158749,466.068897,496.897241,451.459380,467.538692,497.887189,565.464190,579.258835,652.952256
35,447.947498,352.849097,319.468061,282.272963,228.636925,198.801303,223.770171,256.874295,287.401809,383.459882,415.187083,350.288308,253.740782,202.805410,181.467788,159.459419,158.447256,220.395203,264.567710,339.619704,380.760833,314.172821,224.351352,142.085143,116.309689,62.618731,121.981800,149.321982,256.232910,291.527843,350.194959,300.211904,231.637031,134.040778,81.108032,0.000000,73.459405,139.691836,236.110570,315.118385,371.933046,287.790259,221.631607,153.478107,87.739309,76.529660,113.550888,159.017434,255.764409,316.022060,391.466844,320.587349,286.385506,199.614579,187.345573,136.245661,175.258284,245.135394,294.907984,338.120841,414.533391,346.651918,286.309562,278.176656,220.243475,234.595805,236.985100,303.819517,351.050056,422.522569,480.346667,409.561683,373.083833,310.993900,310.668726,312.652538,321.672978,378.596327,403.451760,468.917702,524.630171,459.180090,445.224580,420.851366,381.856067,377.834746,374.778969,443.528291,456.916442,517.603770,568.033332,532.705936,472.720502,492.814246,432.018626,433.558278,456.114213,513.435613,521.106720,588.032255
