node_id,0,1,2,3,4,5,6,7,8,9,10,11,12,13,14,15,16,17,18,19,20,21,22,23,24,25,26,27,28,29,30,31,32,33,34,35,36,37,38,39,40,41,42,43,44,45,46,47,48,49,50,51,52,53,54,55,56,57,58,59,60,61,62,63,64,65,66,67,68,69,70,71,72,73,74,75,76,77,78,79,80,81,82,83,84,85,86,87,88,89,90,91,92,93,94,95,96,97,98,99
0,0.000000,74.017430,140.300788,214.689157,298.870411,378.859818,468.025135,523.582864,588.136302,665.626579,59.906489,98.710501,167.027485,261.690530,314.700011,385.572394,492.860203,537.198136,616.986025,679.858430,139.567596,163.027976,214.417079,266.772225,341.392113,414.889028,505.527604,555.018397,648.515151,688.243341,235.238625,208.813892,264.738145,314.698199,397.524379,468.828296,511.369854,592.196932,675.683199,748.657779,277.974838,294.464755,333.407705,390.173490,443.167963,490.470903,537.754795,624.704068,693.479147,774.930663,342.128833,401.679406,397.409706,468.834915,486.973990,558.055398,592.829829,685.003787,754.359095,813.440059,435.186903,430.312623,460.284846,536.936903,548.161525,599.733601,689.207897,731.432561,787.174318,854.761872,519.049994,510.463820,526.876803,586.790889,631.052899,677.913661,702.516714,760.637901,829.423954,902.305745,586.632960,601.273728,646.926845,658.954860,694.670996,747.462744,797.939255,831.426230,895.490240,941.985382,687.214057,666.710857,703.570879,746.847066,781.522374,800.061390,813.596460,908.332740,937.165229,974.894778
1,74.017430,0.000000,66.415932,140.919757,226.387049,306.543614,395.463053,450.015618,514.428353,591.903281,78.726833,35.938699,104.347879,189.497807,241.309610,312.181164,419.074609,463.229596,542.982243,605.852069,133.489303,124.272649,152.514217,201.631041,273.355925,344.392592,432.733035,482.108685,575.012208,614.483687,238.138588,186.300927,213.978458,255.695382,334.126928,400.325558,441.845110,520.414010,604.087434,676.326951,274.491644,272.836149,294.820149,336.917602,387.124807,428.766017,471.240486,555.533523,622.816648,703.880434,337.562277,378.632629,365.919714,424.325082,435.739750,497.779134,530.468889,619.255113,687.406278,744.619393,425.498571,407.607538,429.244541,495.683871,499.248784,547.078834,630.015969,668.358121,723.767098,788.089658,506.233842,488.040154,497.510772,549.126592,588.919859,626.967581,646.306719,701.365287,768.346945,838.433294,573.863885,582.187717,618.333315,621.115118,654.269418,700.904056,746.040587,776.680608,837.418227,882.085803,674.172976,645.740986,678.576554,712.925281,741.809933,757.162283,763.716754,854.147017,879.695316,915.266873
2,140.300788,66.415932,0.000000,74.516276,160.991634,241.105216,329.712585,383.639631,448.016862,525.489479,135.989517,58.212242,76.115462,129.105189,177.413385,248.011052,353.833583,397.429600,476.733877,539.849604,164.792268,127.139441,115.768200,154.778213,219.161476,285.300774,369.445392,418.536187,510.280270,549.209091,264.467089,195.447157,188.045472,215.814395,285.752591,343.860600,383.636643,458.594718,542.398718,613.461834,293.413103,275.472986,278.623530,301.841656,347.415479,381.269892,417.052101,497.363113,562.425917,642.824852,352.669149,375.309470,354.525244,397.403369,400.937584,451.366723,481.220840,565.316668,631.736693,686.457121,433.372380,403.772426,416.561513,471.029629,466.142422,509.184338,583.944790,617.503290,672.310902,732.527990,509.558442,482.654875,485.128237,527.482323,562.109905,590.277518,603.577786,654.834213,719.470043,786.106581,576.166655,578.488084,605.004837,598.443718,628.629739,668.421519,707.533971,734.905760,791.718802,834.203907,675.035352,639.486632,668.127293,693.388413,716.188840,728.152037,727.298885,812.669880,834.529993,867.602210
3,214.689157,140.919757,74.516276,0.000000,88.733681,168.087736,255.990384,309.128887,373.509646,450.987472,207.336176,127.927319,104.310188,76.452931,110.417369,178.819559,281.831456,324.292738,402.680561,466.238730,220.539136,167.192841,115.217710,127.357449,170.748229,225.234343,300.884190,349.244512,438.831841,476.825371,310.148087,230.985619,186.794649,191.640884,243.640791,287.029094,323.375800,391.967515,475.620361,544.720318,331.233742,298.472697,280.731389,278.477925,315.669106,337.395457,362.576755,436.099926,497.514814,576.675495,384.574766,387.343963,358.306212,380.924300,374.168938,407.637419,433.055111,509.696783,573.282945,624.291268,455.613093,414.299312,416.694376,455.428095,439.999310,476.018867,538.976969,565.780282,619.420285,673.787538,525.305653,489.395423,483.853028,514.410365,542.165102,557.537132,562.852873,608.644954,669.756419,731.509491,589.673457,585.344264,600.514589,583.005637,609.203124,640.131207,671.323408,694.329203,745.761972,785.229150,685.675702,642.621957,666.143243,680.541198,695.841847,703.580979,693.566523,771.993497,789.047830,818.770252
4,298.870411,226.387049,160.991634,88.733681,0.000000,80.165030,169.166085,226.654298,291.801763,369.094999,295.765695,216.416251,187.486760,108.339645,90.356591,131.978554,216.330811,252.811137,325.355260,390.809900,306.960632,249.650662,183.351126,170.307254,174.677638,197.631674,246.073647,290.572761,371.802524,406.224262,391.081687,308.652760,243.268235,225.387414,246.968541,260.714892,287.764992,339.204186,420.692751,484.018245,407.392931,365.808140,332.251755,303.859630,327.787155,330.620592,336.491162,394.206807,446.505732,521.775740,455.825044,443.045229,407.615066,408.405990,389.548033,397.755942,415.169821,476.899494,534.096818,577.244029,518.228980,467.903417,460.481486,481.215113,453.536494,479.138740,523.287597,538.641820,589.406742,632.730055,581.181561,537.682220,524.375628,541.486486,560.533440,559.154914,553.058015,589.695761,644.279101,697.179921,642.543976,631.979313,635.310166,605.875935,626.842423,646.094029,666.085215,682.521148,725.257494,759.599520,734.651118,684.718666,702.612614,704.804076,710.981354,713.356375,691.433056,759.081167,768.803865,793.049055
5,378.859818,306.543614,241.105216,168.087736,80.165030,0.000000,89.275268,150.241753,215.318442,291.920767,375.422355,296.014610,261.812981,167.321116,123.511967,118.177469,161.611465,188.362601,252.654151,319.113051,382.332107,322.230156,249.379157,223.266649,199.757206,189.669120,201.877334,239.039127,308.605990,338.905652,460.626003,376.539206,298.374527,266.044274,261.348877,246.032548,261.280274,291.811276,368.521391,425.034497,472.580924,424.438790,379.546727,331.974205,343.342774,329.210811,316.397268,355.809691,397.588978,467.726230,516.186007,490.537087,450.696169,433.310283,404.815945,390.027439,399.257011,444.845654,494.697504,529.752542,570.307491,513.128965,497.604924,502.415529,464.839505,480.369883,506.135635,510.480925,557.597294,590.041576,626.546055,577.083759,557.317780,562.383388,573.352524,557.004611,540.650506,568.126016,615.789364,659.880789,684.512672,668.544714,661.357180,621.826849,637.777312,646.232610,655.769851,665.986499,700.239752,729.535797,772.183618,716.605371,729.264909,720.514045,718.426506,715.943167,683.562445,740.569057,743.531070,762.567426
6,468.025135,395.463053,329.712585,255.990384,169.166085,89.275268,0.000000,68.250082,130.405772,205.069291,463.050679,383.698513,344.809415,243.418325,190.652585,151.184366,124.807136,128.385377,173.124160,239.570828,465.158785,402.983559,326.243967,291.638978,248.689692,209.320118,173.773847,194.811967,241.913804,265.244482,537.130940,452.386178,364.941667,322.062163,294.037457,249.772914,249.107122,249.040361,315.088019,360.809658,544.704974,490.967407,436.561092,372.919544,371.321201,340.268826,307.090135,321.203975,347.439969,408.998868,583.071181,545.119757,501.799890,466.846699,429.533262,390.571833,389.978518,414.407723,453.751351,478.037909,628.231345,565.044434,541.712986,530.071624,483.162620,487.274801,491.467367,482.742101,524.370398,543.131244,676.884102,621.991513,595.923579,588.291677,590.390463,558.015162,530.498654,546.737762,585.341320,618.340928,730.617631,709.168507,690.953212,641.270189,651.496226,647.920131,645.557402,648.518502,672.481091,695.539627,812.664450,751.672275,758.579956,738.124964,727.025168,719.211839,675.644994,719.732464,714.898879,727.693832
7,523.582864,450.015618,383.639631,309.128887,226.654298,150.241753,68.250082,0.000000,65.217738,142.448906,513.415854,434.787895,388.862500,283.041178,226.509495,169.466551,94.073619,73.357340,104.956989,171.530508,507.335218,443.234111,363.673849,322.155279,265.832032,208.261372,139.926222,145.130686,176.072832,197.242554,570.576443,486.168517,391.257185,340.664949,295.452867,232.275822,219.478141,196.848579,254.370858,294.846580,573.191364,514.497864,452.349018,377.087487,365.270032,322.583084,275.872340,271.629699,287.917697,344.784620,605.677208,556.635991,511.006439,462.237251,418.987078,363.113944,355.498353,365.178948,397.735774,416.363275,641.669011,573.884840,544.214335,519.461215,466.342818,461.888421,450.975745,434.041725,471.897252,483.264780,682.913551,623.963387,592.988032,575.333954,570.640751,527.137099,492.383195,501.114635,533.873975,560.649511,732.412626,706.522138,679.556264,622.632134,628.472993,616.338342,605.975911,604.274305,621.877584,641.329396,808.977749,744.040887,746.288805,717.064371,699.502618,688.009351,637.277133,672.869261,663.528040,672.849932
8,588.136302,514.428353,448.016862,373.509646,291.801763,215.318442,130.405772,65.217738,0.000000,77.495625,576.604134,498.352236,450.270215,343.621697,286.548234,224.293669,127.854952,84.173928,49.860562,112.063546,567.478862,502.835057,422.588732,378.379871,316.277982,249.944354,160.850158,144.529552,135.422940,144.700068,626.267716,542.484877,444.451891,390.235274,334.978654,259.704778,236.106799,185.846241,223.547764,249.405230,626.134935,564.914909,498.520202,416.474332,397.093375,345.634825,287.352486,259.879035,258.322282,303.358282,654.900502,598.827027,552.007887,493.295845,445.826828,375.270062,360.193666,350.591900,371.776499,379.605884,684.557115,614.000997,579.856250,544.566403,486.640029,473.881569,446.168572,418.676643,450.357232,449.231703,720.084029,658.427416,623.776707,597.638980,586.624799,532.242809,489.747181,488.869342,513.023220,529.721842,765.945771,736.600063,702.257742,639.112862,640.578718,619.568949,600.088214,592.577214,601.390789,615.352664,837.540131,769.603899,767.673701,730.336630,706.322559,690.974396,632.530212,657.118249,641.603193,645.674452
9,665.626579,591.903281,525.489479,450.987472,369.094999,291.920767,205.069291,142.448906,77.495625,0.000000,653.660140,575.586607,526.498552,419.586421,362.407181,297.956707,194.744218,146.468345,64.480916,69.000181,642.817392,577.916678,497.404334,451.648065,386.200427,315.143887,216.667512,185.396568,129.143527,112.469013,698.369836,615.244684,515.309854,458.809326,396.653288,313.949182,282.529113,210.016356,218.092324,218.446257,696.104799,633.081488,563.607484,476.751397,451.201523,393.103404,326.224801,275.854256,251.500139,275.838948,721.734640,659.866197,612.319236,545.238171,494.555307,411.416261,389.154676,358.031960,363.766659,356.100763,745.756296,673.095373,635.126827,590.203911,528.384812,507.436360,461.988411,422.689997,445.666813,427.667789,775.841021,712.002136,674.108960,639.882462,622.535966,557.354113,507.023313,494.859042,507.764330,510.792540,817.975737,785.417720,743.915769,674.930737,671.750462,641.282837,611.625306,597.299969,595.057748,601.711562,884.271212,813.690375,807.483933,761.870205,731.038433,711.541479,644.947849,655.972176,632.872751,630.054934
10,59.906489,78.726833,135.989517,207.336176,295.765695,375.422355,463.050679,513.415854,576.604134,653.660140,0.000000,79.409732,133.140223,237.778522,294.018275,363.737056,472.619704,518.942818,601.336527,661.955656,79.689531,111.400760,176.102608,229.961364,306.800391,383.686699,479.820995,529.424439,625.320970,666.724671,177.111003,149.900011,215.324966,270.220177,356.002270,433.323526,477.300791,562.663821,645.239134,720.089408,218.908407,234.861421,277.109537,340.256965,394.645205,446.293156,498.733592,589.292609,660.708425,742.757871,283.139406,341.976669,338.852209,413.808380,435.076267,512.117552,548.664277,644.225460,714.936623,776.715171,375.725863,370.554660,401.460031,480.443202,494.741953,548.114731,641.783421,687.432657,743.355250,814.668273,459.386477,450.636216,467.668620,529.114952,574.604040,625.092981,652.809837,713.062846,783.222038,858.707075,527.018373,541.369760,587.499047,601.194093,637.556569,692.427425,745.350804,780.439669,846.672048,894.532318,627.629418,606.808672,643.802396,688.125830,724.090477,743.577203,759.937441,856.863284,887.829325,927.161747
11,98.710501,35.938699,58.212242,127.927319,216.416251,296.014610,383.698513,434.787895,498.352236,575.586607,79.409732,0.000000,70.088420,164.076836,218.635894,289.230586,397.490837,442.941471,524.380059,585.961822,111.090588,90.289624,118.334860,169.139401,242.876581,316.220498,407.988788,457.572402,552.021148,592.502905,214.331602,155.093679,178.079933,221.017256,301.057402,370.278331,412.678681,493.828956,577.212785,650.556171,247.597013,240.537030,259.332651,301.352583,352.018630,395.151987,439.859949,526.067441,594.793460,676.294632,309.495892,345.343522,331.153631,388.391352,400.045522,463.761516,497.164183,587.503403,656.364480,714.888176,395.259500,374.279502,394.403699,459.821301,463.417397,511.582894,595.768392,635.391058,690.952876,756.899452,474.837483,454.538523,462.798535,513.447694,553.009252,591.321781,611.394038,667.167550,734.699777,805.844475,542.291986,549.164929,583.589747,585.394342,618.404734,665.006844,710.521023,741.552922,802.961034,848.112810,642.333669,612.242317,644.325301,677.485812,705.959384,721.227372,728.010648,818.949828,845.111076,881.225144
12,167.027485,104.347879,76.115462,104.310188,187.486760,261.812981,344.809415,388.862500,450.270215,526.498552,133.140223,70.088420,0.000000,107.075994,164.229581,232.307160,341.283155,388.383650,471.898898,531.069262,120.578420,62.917993,48.276034,99.749223,175.141346,250.878154,346.810753,396.390286,492.614080,534.408096,205.839821,127.786706,113.877192,151.348384,231.075660,302.460002,345.686237,429.695319,512.488278,587.052056,228.042169,202.071453,202.725481,233.535793,282.916330,325.063587,370.731306,458.528512,528.685992,610.559892,283.748317,299.728641,278.418036,324.792761,332.691413,393.726591,427.095292,518.034947,587.341601,646.910675,360.418569,328.052676,340.547630,397.680947,396.915547,443.346361,525.821530,565.378575,620.977431,687.734584,434.934685,406.675806,409.139387,453.231189,489.767148,523.605291,541.976489,597.201925,664.614631,735.932293,501.170934,502.582415,529.173800,524.599460,555.886037,599.065209,642.304785,672.437895,733.132478,778.078408,599.642223,563.398112,592.085383,618.736753,643.522031,656.989408,660.526066,749.950584,775.371414,811.210045
13,261.690530,189.497807,129.105189,76.452931,108.339645,167.321116,243.418325,283.041178,343.621697,419.586421,237.778522,164.076836,107.075994,0.000000,57.189834,125.958545,234.875846,281.560314,364.849084,424.431764,224.294540,160.478358,82.920470,62.274729,94.635565,156.195813,243.951243,293.514372,388.146805,429.092853,294.308770,209.790870,135.104152,121.852612,167.188022,215.372058,254.558040,330.916347,414.602012,487.008667,305.266041,259.114636,224.251252,206.283693,240.275279,261.132658,289.644961,368.264727,433.765703,514.553892,350.161333,334.813132,300.253338,310.293987,299.718983,331.442535,357.756597,437.629646,503.134683,557.351964,410.046907,359.923359,354.842940,384.485055,365.398032,399.922928,463.090987,491.852922,546.044378,603.900151,473.050798,430.898167,420.157164,444.168999,469.058595,481.405419,486.481074,533.052902,595.174791,659.044792,534.895284,525.836308,533.967062,511.402028,536.042719,564.585548,594.890103,617.986076,670.201867,710.479974,627.975204,580.233260,600.586517,609.623867,622.170398,628.742255,617.260352,695.676525,713.408020,743.993697
14,314.700011,241.309610,177.413385,110.417369,90.356591,123.511967,190.652585,226.509495,286.548234,362.407181,294.018275,218.635894,164.229581,57.189834,0.000000,70.880532,178.889568,224.928094,307.821753,367.938673,281.047354,216.736483,137.369236,101.557377,84.658977,116.970418,192.052022,241.131862,333.817734,373.900232,346.857054,262.089167,176.116555,143.338142,156.651529,180.148767,213.970369,282.023360,365.789069,436.108893,354.208192,302.528025,256.128880,215.837583,237.488798,242.378971,256.482664,326.033622,387.182967,466.655937,394.589474,367.228824,328.155698,319.876848,299.313377,310.826629,331.411868,401.855969,463.924583,513.944305,446.804274,390.215921,377.257153,391.979995,363.183998,389.506991,439.032240,460.171556,512.820078,564.202163,503.742549,455.990198,439.156114,452.297931,470.283332,469.920149,466.694134,507.067639,565.112823,623.649329,562.682035,548.789534,547.624296,515.948710,536.526727,556.329268,578.591423,597.154837,643.654168,680.721284,652.130198,599.305578,615.213737,614.923292,620.628854,623.251279,603.188392,674.256767,687.145834,714.269861
15,385.572394,312.181164,248.011052,178.819559,131.978554,118.177469,151.184366,169.466551,224.293669,297.956707,363.737056,289.230586,232.307160,125.958545,70.880532,0.000000,108.993562,156.290872,240.594509,298.766906,345.571117,280.438680,199.780020,154.087269,98.304714,71.844024,122.066463,170.678987,262.959864,303.309298,402.149193,318.208605,221.795431,172.814825,146.480022,131.610300,155.810222,213.623212,297.053008,366.016730,403.745921,345.443085,286.520966,222.727691,227.282082,211.294928,205.942260,263.327499,320.020956,398.261396,436.978468,394.194108,350.625908,320.051009,288.093531,273.803160,286.659796,344.922453,402.903065,448.850955,477.795990,413.874500,391.278727,386.947733,347.048292,362.462019,394.626036,406.938451,457.445770,502.165445,525.738863,471.516081,447.278288,446.501435,455.565303,439.774560,426.789981,459.552117,512.635648,565.403358,580.023882,560.005604,546.996138,504.472653,519.726462,528.690752,541.253252,554.477150,594.350450,627.835895,663.686409,604.856526,614.907611,602.967170,600.254615,598.105366,568.162188,630.310466,637.878619,661.256386
16,492.860203,419.074609,353.833583,281.831456,216.330811,161.611465,124.807136,94.073619,127.854952,194.744218,472.619704,397.490837,341.283155,234.875846,178.889568,108.993562,0.000000,48.717764,133.880171,189.852280,453.398583,388.152355,307.534577,259.172537,191.517958,122.125645,49.195356,77.439093,157.135468,195.413171,504.172690,421.627475,320.733488,264.175509,207.390336,138.344435,127.269316,130.782320,207.216796,267.717390,501.360979,438.657258,370.898360,289.063532,272.929477,228.509496,184.792339,198.900012,235.979505,307.245214,527.948868,471.077449,424.405814,369.818302,325.369110,270.814658,266.598303,291.165293,335.359863,368.148766,556.762600,486.620949,453.983712,425.671539,372.285907,369.166976,366.791643,359.016859,402.434104,429.097247,593.698794,533.199725,500.643618,481.306802,476.883386,436.629061,406.280063,422.114520,462.595315,500.718485,641.292543,614.034343,585.585323,528.774268,535.354964,526.294107,521.123416,523.726919,549.129763,574.267365,716.096313,650.455206,652.250327,623.608811,607.790306,597.852320,551.492003,595.197068,591.838189,606.835074
17,537.198136,463.229596,397.429600,324.292738,252.811137,188.362601,128.385377,73.357340,84.173928,146.468345,518.942818,442.941471,388.383650,281.560314,224.928094,156.290872,48.717764,0.000000,85.171225,143.048462,501.531727,436.312448,355.649610,307.741121,240.108280,168.938315,76.869438,71.857152,120.300874,153.516109,552.872386,470.341361,369.364254,312.359775,252.192803,175.561177,154.015327,123.747313,186.803616,237.118561,549.763747,486.620771,417.746846,333.314859,312.924232,262.291485,207.875729,198.321100,219.061556,282.349502,575.461282,516.101563,468.995456,409.138461,361.998272,295.898406,285.009910,291.910091,326.466464,349.805376,601.942055,530.669815,495.818094,461.137116,404.344425,394.883844,378.285655,360.761761,399.305537,414.770580,636.147675,574.285777,539.662979,514.920182,506.041150,457.240176,420.166300,427.768937,461.070345,490.483825,681.772406,652.567148,619.527755,558.397521,561.814770,545.911599,533.275066,530.971041,548.936094,569.416004,753.703104,686.244706,685.363395,651.113764,630.504224,617.573308,564.797429,599.531042,590.762034,601.207880
18,616.986025,542.982243,476.733877,402.680561,325.355260,252.654151,173.124160,104.956989,49.860562,64.480916,601.336527,524.380059,471.898898,364.849084,307.821753,240.594509,133.880171,85.171225,0.000000,66.690164,586.147903,520.980083,440.305788,392.835612,325.033613,252.180700,152.362305,121.755560,87.467901,95.187124,637.951873,555.507471,454.316558,396.675377,332.604928,249.470992,218.635381,151.933880,177.535989,199.586593,634.288359,570.471673,500.050225,412.442770,386.779678,329.336452,264.120101,222.555164,212.305016,253.856553,658.551779,595.550590,547.953919,481.036070,430.733363,350.456471,330.680671,310.149159,326.155077,330.757380,681.433211,608.645154,570.698248,527.053630,466.075177,447.617698,409.880711,377.211359,406.005967,400.837815,711.409834,647.707899,610.179979,577.588350,562.114531,501.026910,454.305125,448.414364,468.671871,481.954236,753.874642,721.784929,681.874833,614.610433,613.112901,586.679045,562.232939,551.878067,556.895691,568.884598,821.084609,751.069490,746.020096,703.202689,675.183264,657.598464,595.128417,614.389073,596.471121,598.778962
19,679.858430,605.852069,539.849604,466.238730,390.809900,319.113051,239.570828,171.530508,112.063546,69.000181,661.955656,585.961822,531.069262,424.431764,367.938673,298.766906,189.852280,143.048462,66.690164,0.000000,642.823435,577.571319,497.068405,447.661481,376.373228,299.811547,195.728390,153.311909,70.256109,43.590610,688.950031,608.029526,504.969985,445.034308,373.839262,285.041995,247.261535,161.557032,152.835402,149.807996,682.217071,616.398076,542.688768,450.483558,418.268075,354.845108,282.521674,218.503052,185.056126,207.040035,702.107518,632.365552,584.329561,508.631341,455.527326,363.394368,336.612271,294.849924,295.996387,287.161184,717.819143,643.055907,601.036317,547.248325,482.870975,456.153480,401.219759,357.649512,378.201724,358.698940,741.248512,675.503836,634.674209,593.689491,571.791992,500.438475,446.541470,430.012369,440.001869,441.793557,779.280883,743.851698,696.577045,623.762492,617.591497,582.070651,548.166258,531.641721,526.948267,532.826895,840.389329,767.912834,758.433433,707.476663,672.932141,651.464968,581.688255,588.705649,564.393606,561.079519
20,139.567596,133.489303,164.792268,220.539136,306.960632,382.332107,465.158785,507.335218,567.478862,642.817392,79.689531,111.090588,120.578420,224.294540,281.047354,345.571117,453.398583,501.531727,586.147903,642.823435,0.000000,65.254796,145.882793,196.050033,271.538993,350.726931,452.544160,501.338698,599.221263,642.483633,104.649474,72.755696,158.372037,219.760519,307.430548,392.379614,437.642184,528.317721,608.533175,685.338956,142.477880,155.483762,203.843279,277.717633,333.527079,391.461740,451.163767,545.958840,620.478712,702.677316,206.438591,262.410069,261.026250,341.574114,367.854732,453.668721,492.588750,592.404827,664.587714,729.870048,297.527462,290.927781,323.088587,405.531969,424.631290,480.529886,580.061177,630.540941,686.418469,762.768109,380.593423,370.955978,388.686859,452.283911,499.522710,555.327743,587.608957,650.757579,722.630869,801.579764,448.312790,461.799058,508.199319,524.143957,561.392839,619.196217,675.572481,712.900663,782.083660,831.768038,548.954460,527.155633,564.154347,609.687660,647.385177,668.184212,688.571346,788.445790,822.392193,863.912769
21,163.027976,124.272649,127.139441,167.192841,249.650662,322.230156,402.983559,443.234111,502.835057,577.916678,111.400760,90.289624,62.917993,160.478358,216.736483,280.438680,388.152355,436.312448,520.980083,577.571319,65.254796,0.000000,80.674964,131.173193,207.329473,286.383312,387.623334,436.559151,534.313301,577.440840,142.977270,68.307772,103.969523,160.929122,248.081172,330.168601,375.144848,464.611251,545.497388,621.906431,167.192681,150.892689,172.403481,228.899387,283.260110,336.144244,391.781495,484.945940,558.482189,640.724770,225.547950,255.066765,241.777158,306.111324,324.411782,401.148813,438.306049,535.500414,606.940268,670.551062,307.386606,283.995884,305.135543,375.312332,385.158145,437.361733,530.441714,576.976111,632.923122,706.066155,385.565523,364.251354,373.303578,427.010804,469.224784,515.059833,541.508187,601.695753,672.041908,748.282733,452.815552,458.915522,494.128409,499.173159,533.621567,584.600066,635.182090,669.487922,735.290411,783.159574,552.612147,521.957926,554.331190,589.697574,620.878320,638.113444,650.589531,746.113797,776.500790,815.770708
22,214.417079,152.514217,115.768200,115.217710,183.351126,249.379157,326.243967,363.673849,422.588732,497.404334,176.102608,118.334860,48.276034,82.920470,137.369236,199.780020,307.534577,355.649610,440.305788,497.068405,145.882793,80.674964,0.000000,53.875645,130.901371,208.807446,308.253711,357.488048,454.854719,497.632166,211.477119,127.164136,74.373690,103.339356,183.158103,257.237103,301.230157,387.827894,469.830791,545.354006,224.325646,184.463198,167.987344,187.072336,235.225581,276.848406,323.864991,413.254754,484.699942,566.805174,272.966139,272.455962,245.422989,281.667625,286.343815,345.450821,378.956263,470.689134,540.451016,601.028547,340.679477,299.726986,305.647002,355.426956,351.127688,396.173459,477.558552,517.339785,572.991853,640.664688,410.198060,375.973929,373.744034,412.301941,446.341704,476.753543,493.973797,548.933547,616.371104,688.026053,474.876222,472.087919,492.477584,482.982526,512.875463,553.440268,595.051432,624.599191,684.907956,729.802898,571.523340,530.818600,556.799593,578.444136,600.425588,612.551124,613.764674,702.172356,727.184052,762.934132
23,266.772225,201.631041,154.778213,127.357449,170.307254,223.266649,291.638978,322.155279,378.379871,451.648065,229.961364,169.139401,99.749223,62.274729,101.557377,154.087269,259.172537,307.741121,392.835612,447.661481,196.050033,131.173193,53.875645,0.000000,77.118477,155.557089,256.499640,305.386446,403.184044,446.452489,248.427920,164.187803,75.121015,64.525138,132.609080,203.434201,247.355215,334.372903,416.128563,491.871448,253.119128,201.276846,162.010999,151.847186,193.406611,227.715634,270.982993,359.494318,430.827068,512.939856,293.220905,272.744268,238.019204,253.583438,249.286495,297.374920,328.979250,418.397033,487.592388,547.489876,349.026924,297.686482,293.212581,328.093905,315.064772,355.227358,429.940570,466.728484,522.145073,587.996297,410.887700,368.777428,359.132218,387.061188,415.480705,436.578016,448.829198,501.069184,567.072239,636.880453,472.620575,463.891829,474.258387,455.727649,482.494483,516.620109,553.110630,580.130011,637.688633,681.213460,565.847749,518.922890,540.426074,553.185175,569.427522,578.490794,573.462286,657.892213,680.335699,714.499801
24,341.392113,273.355925,219.161476,170.748229,174.677638,199.757206,248.689692,265.832032,316.277982,386.200427,306.800391,242.876581,175.141346,94.635565,84.658977,98.304714,191.517958,240.108280,325.033613,376.373228,271.538993,207.329473,130.901371,77.118477,0.000000,79.205029,182.334898,230.364861,328.544593,372.443244,313.079969,231.664912,129.283189,74.859340,74.352161,127.439575,170.613892,257.424311,339.013758,414.871055,310.068369,248.992188,188.226605,132.666220,153.273237,166.658700,198.224459,283.427266,353.911335,435.963123,339.872457,296.480068,253.847535,235.834715,214.904238,236.891423,263.390430,346.481404,414.063926,472.047952,379.643700,316.971030,298.085871,307.458767,279.237287,308.601554,368.456699,398.530875,453.190607,514.775353,429.597593,377.855689,357.669388,367.779083,385.887030,389.742795,392.196358,438.482693,501.200934,566.960745,485.776567,468.805500,463.923793,431.307367,452.291259,474.711123,501.532598,523.624569,575.632092,616.343208,572.466115,517.274841,531.659093,530.274534,536.855266,540.624286,524.686817,601.265459,618.811330,649.830189
25,414.889028,344.392592,285.300774,225.234343,197.631674,189.669120,209.320118,208.261372,249.944354,315.143887,383.686699,316.220498,250.878154,156.195813,116.970418,71.844024,122.125645,168.938315,252.180700,299.811547,350.726931,286.383312,208.807446,155.557089,79.205029,0.000000,104.351447,151.469060,249.708236,293.896981,389.311963,309.448863,205.487914,145.294258,87.244337,63.534494,98.514430,179.074105,261.610666,336.593745,382.839386,318.319410,248.890432,168.828148,162.001528,139.549271,139.894708,212.097303,278.601490,360.094002,406.592146,349.476692,303.237765,257.810511,220.823952,202.371352,217.554512,284.966732,348.103397,401.157348,435.000086,365.888347,336.364594,321.036362,277.364450,290.720417,325.685701,343.428344,395.866407,448.699739,474.668663,416.366073,387.611652,379.740699,385.713390,367.943051,356.345138,392.232907,448.603264,506.804415,524.989035,501.117248,481.841113,435.367160,449.181636,456.851628,470.333739,485.103588,528.208601,564.183527,604.324180,542.423439,549.566353,533.429316,528.949235,526.335516,496.842312,561.503434,571.747609,597.717913
26,505.527604,432.733035,369.445392,300.884190,246.073647,201.877334,173.773847,139.926222,160.850158,216.667512,479.820995,407.988788,346.810753,243.951243,192.052022,122.066463,49.195356,76.869438,152.362305,195.728390,452.544160,387.623334,308.253711,256.499640,182.334898,104.351447,0.000000,49.626898,146.689979,190.166237,493.656809,413.613276,309.830948,249.365017,180.451169,98.983889,79.555500,93.139656,175.557822,244.074468,486.500861,420.977007,348.611997,260.091274,236.670875,185.640774,136.307402,154.054506,200.433769,276.877903,507.671774,443.204758,395.656343,332.544357,285.129143,223.204484,217.548325,244.655877,292.879452,331.445874,529.092588,456.597143,420.102032,384.367995,328.330171,321.963750,317.701025,311.831610,356.806605,389.124074,560.658671,498.138887,462.941218,438.526596,431.315242,388.072551,357.084927,373.775089,416.165153,458.007126,605.352699,575.755962,543.092628,483.486906,488.598303,477.611562,471.948986,474.999614,502.081991,528.834753,676.834258,609.481019,609.171553,577.343333,559.826727,549.218990,502.296652,546.930386,545.004078,561.656865
27,555.018397,482.108685,418.536187,349.244512,290.572761,239.039127,194.811967,145.130686,144.529552,185.396568,529.424439,457.572402,396.390286,293.514372,241.131862,170.678987,77.439093,71.857152,121.755560,153.311909,501.338698,436.559151,357.488048,305.386446,230.364861,151.469060,49.626898,0.000000,98.239730,142.633869,539.763165,460.765418,356.444659,294.967847,220.753317,131.900357,97.171106,54.399923,130.432878,195.504884,530.820908,464.156994,389.591289,297.262027,267.104948,207.712284,143.572938,127.150874,158.552450,231.242877,549.052081,479.516166,431.549010,360.104863,309.159904,231.102965,216.033264,220.770758,259.604449,290.713819,565.138660,490.956560,450.847550,405.317818,344.817304,329.479079,306.708552,289.531516,329.654401,352.005027,591.497560,527.028071,488.717202,456.272063,442.767584,388.323430,348.966937,356.014046,390.911329,424.748377,632.662912,600.096538,560.703687,495.290353,496.082408,476.302217,461.650189,459.144155,478.433135,500.729435,699.334406,629.503422,625.313421,585.892302,562.204268,547.878428,493.323963,528.020130,520.576286,532.920787
28,648.515151,575.012208,510.280270,438.831841,371.802524,308.605990,241.913804,176.072832,135.422940,129.143527,625.320970,552.021148,492.614080,388.146805,333.817734,262.959864,157.135468,120.300874,87.467901,70.256109,599.221263,534.313301,454.854719,403.184044,328.544593,249.708236,146.689979,98.239730,0.000000,45.173065,637.634909,558.962482,454.554377,392.813221,316.206370,225.035950,183.998273,93.029317,90.917562,118.917717,627.752877,560.421545,484.431977,389.640314,353.906269,288.349960,214.294226,148.709052,125.454535,169.451980,643.756574,569.702770,521.608954,442.028925,388.136192,293.574828,266.356405,228.908569,239.262586,244.299072,654.632085,579.029091,535.219400,478.297063,413.374138,385.907038,333.280107,294.069783,319.870374,313.814936,674.885599,608.497018,566.667873,523.939157,501.548304,430.852106,378.451099,366.062308,382.431108,394.579233,711.322156,675.047667,626.591470,553.507314,547.501702,513.374530,482.485094,468.865997,470.457087,481.497886,770.947197,698.137576,688.254396,637.438263,603.809126,583.229513,515.804578,529.264934,509.616938,511.320434
29,688.243341,614.483687,549.209091,476.825371,406.224262,338.905652,265.244482,197.242554,144.700068,112.469013,666.724671,592.502905,534.408096,429.092853,373.900232,303.309298,195.413171,153.516109,95.187124,43.590610,642.483633,577.440840,497.632166,446.452489,372.443244,293.896981,190.166237,142.633869,45.173065,0.000000,682.365758,603.320185,499.070613,437.549697,361.366250,270.201138,228.923404,136.349080,111.975813,107.679824,672.809197,605.557766,529.602359,434.693941,398.333272,332.021060,256.976445,183.512578,142.882917,164.375833,688.918032,614.421107,566.333419,485.421530,431.083705,333.537939,303.767422,254.568469,252.739580,244.088539,699.206186,623.405092,578.945080,519.572451,453.830943,423.345788,362.201072,315.929346,335.053745,315.516553,718.255110,651.509570,608.926210,563.670408,538.859635,463.671968,407.580590,388.302300,396.695439,398.453396,753.534268,716.356688,665.492072,590.396692,582.309442,543.636385,507.155679,489.369790,483.493105,489.263708,811.188897,737.657893,726.112705,671.865325,635.047989,612.391433,540.763110,545.587637,520.831529,517.595259
30,235.238625,238.138588,264.467089,310.148087,391.081687,460.626003,537.130940,570.576443,626.267716,698.369836,177.111003,214.331602,205.839821,294.308770,346.857054,402.149193,504.172690,552.872386,637.951873,688.950031,104.649474,142.977270,211.477119,248.427920,313.079969,389.311963,493.656809,539.763165,637.634909,682.365758,0.000000,84.769641,183.997733,244.823743,325.839613,417.316032,462.369329,557.508186,632.282274,710.345597,45.644642,98.707186,176.072162,271.415246,325.659015,392.916037,462.809146,561.261747,638.721695,719.529593,107.907010,188.295082,203.965827,303.423146,343.006985,445.052542,487.281162,592.177501,665.406411,735.507288,202.388910,213.899169,258.489608,354.766366,389.089949,449.948676,560.624608,619.939349,674.656127,759.180172,287.232285,289.468765,317.064374,391.965204,445.394614,516.888555,560.106014,628.565096,702.888821,787.710277,354.102245,373.856000,431.383238,461.294719,501.797703,569.247484,634.905100,677.507190,752.803986,805.962094,454.219877,440.361370,481.545367,538.348328,584.341206,610.121877,643.284676,749.895434,790.693120,836.704483
31,208.813892,186.300927,195.447157,230.985619,308.652760,376.539206,452.386178,486.168517,542.484877,615.244684,149.900011,155.093679,127.786706,209.790870,262.089167,318.208605,421.627475,470.341361,555.507471,608.029526,72.755696,68.307772,127.164136,164.187803,231.664912,309.448863,413.613276,460.765418,558.962482,603.320185,84.769641,0.000000,104.837231,167.850676,253.266055,342.745609,388.204752,481.971971,559.326074,637.067765,100.313126,87.121173,131.756527,212.112253,268.152866,330.183909,394.900255,492.010599,568.329148,650.052589,157.259002,194.184180,188.982447,269.444994,298.047940,389.041530,429.364698,531.593534,604.446410,671.965204,240.223381,223.090818,251.576047,332.784699,353.167398,410.114858,512.634260,566.007977,621.654676,701.126714,320.002880,303.623577,318.080945,379.773451,426.767072,483.801546,518.172424,582.784358,655.493544,736.379052,387.590138,396.669403,438.287107,451.726523,488.731689,546.607584,603.929740,642.132499,712.639659,763.212711,487.872152,460.976896,495.936017,538.231703,574.863622,595.441291,616.399230,717.244536,752.483190,795.060011
32,264.738145,213.978458,188.045472,186.794649,243.268235,298.374527,364.941667,391.257185,444.451891,515.309854,215.324966,178.079933,113.877192,135.104152,176.116555,221.795431,320.733488,369.364254,454.316558,504.969985,158.372037,103.969523,74.373690,75.121015,129.283189,205.487914,309.830948,356.444659,454.554377,499.070613,183.997733,104.837231,0.000000,63.211624,150.016617,238.189546,283.676888,377.159061,454.913582,532.527459,181.969600,126.417295,94.072312,125.464278,179.327698,233.481025,293.267741,389.140770,464.762763,546.731211,218.513737,201.544539,171.670759,211.097520,222.749914,297.419404,335.193017,434.099608,506.218497,571.732286,274.967833,227.893156,231.337183,283.804246,285.454054,335.170804,426.473963,473.655414,529.600166,604.534551,339.932877,302.643973,299.375890,339.566716,376.054036,414.050665,438.029243,497.739059,568.116910,644.927529,403.389614,398.656354,418.178405,410.790112,442.056632,486.927673,533.744309,566.688086,631.545601,679.207545,498.904973,456.744560,482.425912,505.355645,529.694687,543.673211,550.424734,643.628709,672.910887,711.844516
33,314.698199,255.695382,215.814395,191.640884,225.387414,266.044274,322.062163,340.664949,390.235274,458.809326,270.220177,221.017256,151.348384,121.852612,143.338142,172.814825,264.175509,312.359775,396.675377,445.034308,219.760519,160.929122,103.339356,64.525138,74.859340,145.294258,249.365017,294.967847,392.813221,437.549697,244.823743,167.850676,63.211624,0.000000,87.676434,174.984501,220.469620,314.166085,391.701964,469.327345,237.677395,174.681100,114.684310,87.405724,132.061634,176.206637,231.475112,326.455540,401.741834,483.780823,265.129288,224.829776,184.827188,189.381433,185.566641,243.370660,278.646151,374.588203,446.039517,510.277302,306.470270,247.085930,235.194009,263.850082,251.172832,293.522702,374.917723,417.419969,473.302956,545.151513,360.536689,313.126601,299.162212,323.086865,350.960431,374.492163,390.650930,446.346952,514.726076,588.622246,419.411177,406.788295,412.130830,391.367625,417.971305,453.139161,492.183992,521.269315,581.954063,627.513637,509.757666,459.467822,478.843320,489.032216,504.931769,514.345823,511.526953,598.860102,624.097664,660.528381
34,397.524379,334.126928,285.752591,243.640791,246.968541,261.348877,294.037457,295.452867,334.978654,396.653288,356.002270,301.057402,231.075660,167.188022,156.651529,146.480022,207.390336,252.192803,332.604928,373.839262,307.430548,248.081172,183.158103,132.609080,74.352161,87.244337,180.451169,220.753317,316.206370,361.366250,325.839613,253.266055,150.016617,87.676434,0.000000,92.002781,136.613568,232.182733,306.697281,384.685113,312.298530,244.309877,168.855266,81.792034,82.272700,95.518843,143.831021,239.132945,315.074716,396.889799,328.303856,263.931572,217.037264,173.624107,144.181243,165.725987,196.373697,288.251132,359.071531,422.656575,349.753057,279.269953,249.207761,241.102667,206.846972,234.253158,298.239067,334.339254,389.903526,458.666103,387.461482,329.296963,301.893161,301.034650,314.584814,315.400121,319.637714,369.082075,434.485385,504.877896,437.962655,415.149116,400.657830,361.582088,380.411873,400.488071,427.756280,451.200718,505.990880,548.775355,518.627082,458.558286,468.583359,460.536576,464.053589,466.790283,450.530096,528.957581,548.867018,582.107817
35,468.828296,400.325558,343.860600,287.029094,260.714892,246.032548,249.772914,232.275822,259.704778,313.949182,433.323526,370.278331,302.460002,215.372058,180.148767,131.610300,138.344435,175.561177,249.470992,285.041995,392.379614,330.168601,257.237103,203.434201,127.439575,63.534494,98.983889,131.900357,225.035950,270.201138,417.316032,342.745609,238.189546,174.984501,92.002781,0.000000,45.490364,140.268359,216.759866,294.344547,404.292681,336.117834,259.413303,165.448277,137.761280,91.027534,76.388298,156.092134,228.313591,310.556170,418.722170,347.651980,299.721162,233.595485,187.221917,144.316983,155.089951,222.689053,287.876917,344.615122,433.332231,359.560495,321.456822,287.348913,234.878210,238.217907,263.145790,280.031251,332.808299,388.667582,462.119866,399.215009,364.110159,343.094595,341.050460,312.074293,295.345247,328.980908,385.106351,444.480648,506.368917,477.105971,447.280599,392.385585,401.723328,401.787052,410.099702,422.914368,464.753938,500.698125,578.577392,512.235777,514.061010,488.598356,478.038389,472.338081,437.569828,498.931936,508.297253,534.237604
