node_id,0,1,2,3,4,5,6,7,8,9,10,11,12,13,14,15,16,17,18,19,20,21,22,23,24,25,26,27,28,29,30,31,32,33,34,35,36,37,38,39,40,41,42,43,44,45,46,47,48,49,50,51,52,53,54,55,56,57,58,59,60,61,62,63,64,65,66,67,68,69,70,71,72,73,74,75,76,77,78,79,80,81,82,83,84,85,86,87,88,89,90,91,92,93,94,95,96,97,98,99
0,0.000000,59.257807,144.963299,249.247271,292.807072,359.735112,471.314063,547.690583,608.092841,694.500515,77.178169,126.214396,204.078461,258.963513,315.156442,382.074683,459.360875,534.060558,611.609304,688.283680,175.675717,172.819829,250.440794,305.584094,365.457160,413.842948,493.823107,580.216969,623.577942,719.706402,237.433723,244.239049,293.392586,351.110562,400.313112,480.490476,500.136588,600.891493,653.906741,745.618852,301.307997,360.516594,349.467532,422.587416,448.646584,534.741004,546.119307,662.613348,692.781047,782.670203,408.972428,394.410561,429.565767,485.933164,521.959856,555.589425,623.684776,691.359575,761.273490,811.326849,468.569803,488.787830,488.726466,529.727302,567.246111,628.972716,682.653714,714.640678,797.090406,865.836455,566.012811,566.098618,573.344030,585.206926,644.330140,690.808963,756.942894,766.423390,844.236648,903.143348,616.757753,610.050802,664.403166,678.822540,711.562359,752.093359,802.738916,835.043386,895.313983,983.378583,688.396094,680.483496,737.706453,745.951482,754.527345,841.642565,847.294573,911.200886,950.452463,1013.578266
1,59.257807,0.000000,89.074353,191.042527,235.426260,301.086792,412.534694,488.773316,549.399811,635.461246,110.178119,90.790087,157.121889,209.408638,261.995583,325.370240,402.335102,476.902565,554.129315,630.214592,177.427006,165.710179,216.306305,261.494290,317.739465,362.711079,439.310115,524.644337,568.453441,663.572971,249.370722,228.023461,264.913541,315.870859,359.701620,433.307512,450.368538,549.358426,602.004867,691.587094,310.114214,349.089323,325.015407,391.518491,412.878567,492.838413,500.273773,614.844388,643.415360,731.491761,413.715827,389.991228,408.436579,461.455707,492.389621,516.330469,581.169687,645.959491,713.073753,763.568134,474.490484,485.383202,474.107695,507.725711,537.092378,592.687729,646.183453,673.452395,752.925189,819.539464,570.183107,561.686239,560.926212,566.627452,616.543854,659.149531,720.843830,727.928989,801.320305,859.261155,620.564628,605.293623,652.811587,659.328070,688.686417,723.211765,770.057751,798.141138,855.522377,941.828442,687.827051,677.385598,727.932086,729.435992,733.914635,815.636040,816.541991,876.768162,914.083709,975.445164
2,144.963299,89.074353,0.000000,105.918449,148.038506,216.852392,328.499780,405.277001,464.764249,552.502104,166.514163,64.738124,78.227317,123.942065,173.243720,237.120098,314.400600,389.108454,466.726215,543.778888,178.744716,156.361226,153.493925,181.258399,232.540438,274.688468,350.238935,435.779199,479.470973,574.971305,254.978323,193.192362,207.163088,245.708538,281.583451,347.810889,362.937457,460.883159,513.360283,602.513680,305.912483,312.132487,269.917411,324.852198,339.733653,411.884836,415.602309,528.391612,555.919056,643.055780,398.021409,361.581116,355.007034,402.075540,425.771244,437.966491,499.142424,561.207840,626.200261,676.920729,458.509333,455.269679,428.109452,450.797850,469.145884,517.013545,569.976397,592.321268,668.945920,733.822243,549.269003,528.367332,516.229037,513.350076,550.684928,588.277581,644.663650,649.238054,718.293862,775.331264,598.189345,570.696649,607.884330,603.646840,628.336202,655.185785,697.384711,720.822436,775.195430,859.737334,658.047115,644.100572,684.644977,676.997626,676.078436,750.508380,745.832179,801.772426,836.968688,896.444079
3,249.247271,191.042527,105.918449,0.000000,46.543863,110.949559,222.627849,299.369805,359.085570,446.584583,270.406362,157.286248,99.670411,88.811225,95.886729,136.806322,212.415914,286.573222,363.347074,439.177307,258.335251,232.138143,169.347021,147.559301,171.263021,195.076659,255.764341,337.307274,381.950747,474.592739,329.640040,238.713268,218.477872,226.818777,239.068586,277.401364,283.444069,373.457288,424.162227,507.119790,368.839629,339.816864,276.039544,304.770434,304.845428,353.772340,345.921956,450.011494,472.852556,554.422840,444.428808,395.977055,355.870371,390.149309,399.526224,385.759796,435.528611,488.338774,545.127756,596.317121,501.933394,482.661880,435.751726,440.553262,438.514229,468.771557,519.286765,529.369893,597.159849,656.083366,584.161665,548.993701,522.008092,506.467999,521.354034,548.426606,592.653850,591.449719,648.732942,702.767387,630.073308,588.378912,610.575691,590.283902,606.742849,619.446180,651.923891,665.218225,712.038591,791.533360,679.635392,661.584919,687.889679,667.034717,657.633777,718.445825,703.545660,750.243346,780.594153,835.402447
4,292.807072,235.426260,148.038506,46.543863,0.000000,73.612782,182.858536,259.701241,317.791567,406.867178,308.030322,191.748355,120.619244,86.107565,61.368485,90.554436,166.954000,241.476475,318.819256,395.768411,282.601638,255.766343,173.256163,130.783525,137.611230,152.388219,209.246443,291.001357,335.549354,428.762193,349.528256,249.129996,215.471458,209.544001,210.409462,236.437782,239.586276,327.513810,377.925203,460.602644,382.237639,338.047541,267.245490,283.347776,277.128918,316.027072,304.406537,405.606935,427.449257,508.155843,448.639023,395.697489,341.909418,369.929057,373.242693,349.718533,395.197665,445.131920,499.971005,551.176332,503.887626,477.650382,422.921152,420.103167,409.895709,433.281785,482.577406,488.730470,553.916985,611.414823,581.242770,540.119222,507.084214,486.465507,492.302036,515.273263,555.102164,552.092561,605.924300,659.142951,625.360582,577.798372,593.429202,566.803019,579.923326,587.296293,616.245155,626.252461,670.763917,748.807186,669.958185,650.266943,670.366826,644.314956,631.667724,687.093402,668.710333,712.261576,741.077442,794.459059
5,359.735112,301.086792,216.852392,110.949559,73.612782,0.000000,111.694206,188.424623,248.357730,335.662666,380.122256,264.692261,193.943669,153.801432,104.882954,56.453984,112.001828,182.168885,256.397028,329.930261,355.639226,328.754233,239.359411,182.871313,163.188970,148.811749,169.708098,239.504929,284.754106,371.594435,421.121321,317.212518,275.213109,254.854358,238.302538,231.700110,222.414069,293.084173,339.207313,411.219865,450.707570,395.955120,319.893674,319.498529,303.051532,317.694988,294.346048,380.156727,395.558787,467.501801,510.406945,454.150917,386.616492,405.342538,398.603897,354.882926,386.654039,424.765013,468.805285,519.604071,563.339170,530.591656,467.518542,454.132767,430.045410,437.812943,483.074714,477.445213,531.985522,582.105661,635.515649,588.151477,547.801987,520.117670,510.107794,524.023082,552.310081,544.086761,585.316393,634.634393,677.460472,623.441413,630.129290,593.838067,600.881147,597.396016,617.730620,618.654458,655.380012,727.520729,716.049270,694.435508,705.883103,671.876608,653.676100,697.984214,671.805689,706.803748,730.925807,779.415523
6,471.314063,412.534694,328.499780,222.627849,182.858536,111.694206,0.000000,76.899275,136.939026,224.174755,490.850922,374.523730,299.922594,252.826132,192.969563,110.142763,65.400406,91.571314,153.176945,220.910074,459.014981,432.158827,331.874568,263.175727,218.945081,173.801867,126.976850,157.280901,199.712116,272.760514,519.814732,410.341542,357.340453,319.679083,282.921395,232.215768,205.331054,235.874054,270.850654,322.656841,542.276420,470.679947,389.951278,366.839072,337.655304,315.818963,277.089177,330.624795,334.853677,390.306083,588.851689,528.179508,442.072443,446.370653,425.320819,354.841103,363.277506,380.635775,405.963307,454.482908,636.940206,594.005880,519.636846,490.892274,447.332728,431.265692,468.166604,444.794512,481.020057,518.719622,699.218608,642.473857,591.573617,553.881209,520.264465,519.947913,529.704425,513.845873,534.793794,577.156287,736.905196,673.237176,665.653623,615.302120,612.854980,592.933976,599.624445,586.797334,610.969814,673.039902,765.003150,740.600904,738.047233,692.276596,665.917690,692.221881,654.786246,676.140128,692.791405,733.245456
7,547.690583,488.773316,405.277001,299.369805,259.701241,188.424623,76.899275,0.000000,62.832673,147.283519,567.721108,451.278572,375.939307,327.426292,266.134624,182.905548,117.923114,82.533747,99.656242,151.182777,533.809617,507.034939,403.655256,332.095245,281.277270,228.383824,153.550198,136.139424,167.681276,217.121573,592.680342,481.614399,424.956643,381.114025,336.978823,267.464597,233.063203,228.663877,249.727706,277.344835,612.079012,533.531245,451.946160,418.790658,384.261952,342.813804,296.896358,322.173820,316.530535,354.194597,652.314821,590.050345,496.120712,492.829870,464.446430,380.786757,373.112397,373.927592,382.510466,427.451292,697.642891,649.864808,570.544874,533.980757,480.279035,449.720870,479.703983,444.352429,465.149025,491.572079,754.271813,692.950992,636.819501,594.022839,546.874123,537.363430,534.089222,513.090774,517.911694,553.757608,789.345341,720.872787,705.149346,647.058364,638.732062,608.465785,605.651132,583.155170,597.356392,650.519720,811.303164,785.505920,774.699726,722.251791,691.116615,705.195338,660.583323,671.800435,682.651969,716.449767
8,608.092841,549.399811,464.764249,359.085570,317.791567,248.357730,136.939026,62.832673,0.000000,92.115513,625.425456,508.384021,431.101434,380.401715,317.871096,235.848778,162.926142,101.011576,62.405029,89.251966,586.094309,559.545668,452.283000,378.252517,322.215638,264.969060,177.037179,124.744624,140.082028,163.777398,641.769715,529.075808,468.632648,419.155846,369.280970,286.998254,248.878384,216.641059,224.282704,230.302131,657.045711,571.220197,489.563356,447.514277,409.007558,352.421436,302.582152,303.609955,290.080215,312.314657,689.853681,626.300400,525.616711,515.473223,481.130019,388.309668,367.652119,354.964977,349.867710,391.071014,732.026015,679.663732,596.296448,553.069420,491.397264,449.320883,473.005496,428.647658,436.750318,454.108388,782.639045,717.276881,656.740635,609.790867,551.566685,534.516535,520.645679,495.844645,487.902188,518.350430,814.971089,742.341096,719.317156,654.951182,641.683063,603.110538,592.575062,562.628381,568.896183,614.864108,830.976441,804.032058,785.834351,727.937015,692.984564,696.751716,646.729725,649.794372,656.055083,684.550524
9,694.500515,635.461246,552.502104,446.584583,406.867178,335.662666,224.174755,147.283519,92.115513,0.000000,714.894427,598.260779,521.982479,471.965265,409.637548,327.205896,255.032852,190.808107,128.765555,76.062319,677.913801,651.312300,544.398129,470.297005,413.620392,355.644327,264.961202,197.372943,194.268688,164.576679,733.885204,621.153488,560.290059,509.518955,457.813469,370.310447,330.996990,278.731933,270.226925,237.930162,748.792703,661.076386,579.584008,533.897821,493.563927,427.757417,376.153588,352.923967,329.699586,324.451363,779.443760,715.489024,611.971321,597.910721,559.810335,461.254472,429.173703,401.473297,376.770361,409.776983,820.189402,765.606985,680.202841,632.845847,565.698132,513.967204,530.679414,476.849877,467.118282,468.680851,867.476274,799.775383,736.467960,686.697043,619.550119,595.264028,569.576516,540.466062,514.320409,534.945408,898.010013,822.785113,794.257721,724.881662,707.054297,660.223866,640.772673,601.550469,596.014241,629.121693,909.773272,882.053506,857.825465,795.263096,756.822260,749.280389,693.216557,685.274126,684.651215,704.257383
10,77.178169,110.178119,166.514163,270.406362,308.030322,380.122256,490.850922,567.721108,625.425456,714.894427,0.000000,117.445542,198.364551,253.727388,315.537200,391.690248,468.768128,542.988632,621.250933,700.551333,110.616145,116.831722,219.404534,287.001045,351.372761,405.924114,493.507886,582.260809,623.610092,722.576696,162.856236,191.294960,251.960064,316.364601,372.228241,462.429971,487.249502,590.803531,644.200998,741.116069,227.179628,298.550966,300.862626,380.076514,411.965333,506.038159,524.333729,643.289094,676.625160,770.093595,335.697412,326.492002,375.377202,434.376338,475.782780,522.304630,594.879525,667.073156,742.026690,790.811764,394.462301,419.299197,427.500064,474.970439,521.205185,590.381382,643.823991,682.754688,769.712951,842.045912,492.255449,496.741779,509.528300,526.566308,594.698695,645.456956,717.015481,729.919500,814.362774,874.644324,543.003329,540.684855,599.397802,620.346802,656.153098,702.945469,757.931098,795.771686,860.040170,950.515272,616.436571,609.879564,671.071425,684.470385,696.669844,788.795763,799.842445,868.127330,909.857480,975.270869
11,126.214396,90.790087,64.738124,157.286248,191.748355,264.692261,374.523730,451.278572,508.384021,598.260779,117.445542,0.000000,82.142729,138.077287,198.761632,274.255100,351.327469,425.591491,503.851145,583.106068,114.301309,93.123462,126.412084,179.761488,241.117557,292.464648,377.527396,465.862558,507.785966,606.166772,190.709654,141.649013,174.126905,226.801416,274.215502,355.371610,376.760709,478.987130,532.286537,626.987619,243.616005,263.276879,234.414479,301.207423,324.251162,408.561749,420.350285,537.491039,568.600894,659.938538,339.665791,308.379803,318.240011,370.718103,401.891861,429.912553,497.482165,565.376896,636.275157,686.068191,400.539294,403.395058,385.763095,417.220292,446.729221,504.510293,558.138472,588.597454,670.906289,740.008315,493.508797,478.422905,473.200427,476.733492,525.873912,569.213916,632.650061,641.108238,718.032236,776.936503,543.168414,521.563861,565.187234,569.122703,597.986726,632.714415,680.482403,710.403026,769.629887,857.325955,606.571040,594.411681,640.968123,639.886281,643.463051,724.873933,726.442264,787.880542,826.104112,888.476670
12,204.078461,157.121889,78.227317,99.670411,120.619244,193.943669,299.922594,375.939307,431.101434,521.982479,198.364551,82.142729,0.000000,55.951326,117.189116,195.473338,271.633196,345.328032,423.548365,503.421501,162.065286,135.291606,81.017017,104.699098,161.504837,210.722092,295.487082,384.004901,425.724077,524.327693,230.855222,140.602230,135.044152,167.729232,204.270907,276.853735,296.132514,397.571690,450.783131,544.900369,269.252821,249.688953,197.371925,247.236341,261.536221,336.177834,343.342883,458.829673,488.702626,578.973977,348.082958,303.488119,281.879817,326.140742,347.932007,360.968867,424.235767,488.978112,557.378469,607.589395,406.788373,393.908054,357.811334,375.465197,391.085649,439.277098,492.394554,516.827785,595.809786,662.858955,492.541133,464.031431,445.775278,439.082944,472.816571,510.052824,567.111126,572.509024,644.246978,702.140748,539.910531,505.203280,536.748823,528.185117,551.464763,577.035923,619.268543,643.623836,699.289619,784.963277,594.649623,578.781958,613.922140,602.470586,599.798765,672.615872,667.612951,724.009722,759.743490,819.926370
13,258.963513,209.408638,123.942065,88.811225,86.107565,153.801432,252.826132,327.426292,380.401715,471.965265,253.727388,138.077287,55.951326,0.000000,63.047128,144.819573,219.032139,291.786343,369.812541,450.200943,206.385622,179.612475,87.151932,62.872635,108.688777,155.043296,239.803891,328.552458,369.979767,468.858898,268.141139,163.745475,131.412602,139.694241,161.947694,224.163717,241.361810,342.046502,395.176649,488.950885,297.184550,253.843879,187.400428,219.025650,224.608799,288.821957,291.721072,405.444247,434.289958,523.712218,362.795947,310.993191,267.167314,303.168683,316.602894,316.451615,375.498965,437.376600,503.677888,554.160224,418.585263,395.397612,346.942574,353.495306,357.553648,397.189289,449.489796,468.903668,545.015379,610.384040,497.922255,460.623468,433.300541,419.050903,440.290886,472.316199,523.951834,526.905035,594.378132,651.402531,543.055314,499.736936,522.166874,504.417098,523.214863,541.536583,579.236601,599.182268,651.952122,735.938904,591.166223,572.877648,599.515325,580.593690,573.287530,639.144531,629.184303,681.532256,715.283514,773.694924
14,315.156442,261.995583,173.243720,95.886729,61.368485,104.882954,192.969563,266.134624,317.871096,409.637548,315.537200,198.761632,117.189116,63.047128,0.000000,83.271561,156.052918,228.772159,306.849776,387.165017,268.278611,241.683556,139.221837,78.035178,76.687678,102.660273,179.213430,267.138644,309.428524,407.421183,326.913890,217.814595,170.737953,152.751397,149.076999,182.244323,191.681448,287.706722,340.116951,430.478325,350.584831,291.073706,215.501339,223.551658,215.810733,257.953814,250.917198,358.345001,383.887271,469.875213,405.901888,349.272366,285.488323,310.237931,311.998680,290.421345,339.847975,394.601692,455.074298,506.082466,458.480247,426.473880,366.662590,360.192912,348.531191,373.717277,423.783786,433.737164,503.303406,564.507740,531.156477,485.833748,449.344037,426.582955,430.965037,454.726980,496.941854,495.570502,554.357126,609.289298,573.704487,522.292309,534.473877,505.881147,518.578111,526.475417,556.856728,569.333545,616.581479,696.990423,614.768269,594.136219,611.156351,583.509856,570.371591,626.107465,608.898614,654.467363,684.715967,739.788613
15,382.074683,325.370240,237.120098,136.806322,90.554436,56.453984,110.142763,182.905548,235.848778,327.205896,391.690248,274.255100,195.473338,144.819573,83.271561,0.000000,77.507828,152.234315,230.256797,308.898299,351.081015,324.368310,221.771217,153.838032,117.923685,93.382268,121.100023,200.501884,245.177970,338.332723,410.120130,300.205771,248.286948,216.264595,190.279250,175.322115,166.556083,242.839149,291.333870,370.637048,432.211303,364.347568,284.960395,273.601843,252.764378,261.519067,238.029725,326.895298,344.638163,421.063626,481.612563,422.326108,344.628211,357.921704,347.080916,298.955611,330.366543,370.278424,417.788646,468.854941,531.561564,493.069106,424.572685,405.647933,376.712301,381.663365,426.658103,421.506128,478.089021,530.588496,598.435404,546.598361,502.026058,471.055817,455.883527,468.191202,495.868953,487.891976,531.166254,581.595981,638.420505,580.145204,581.951472,541.944842,547.187069,541.642773,561.306450,562.470090,600.215005,673.689481,672.657342,649.949245,656.924473,619.947135,600.141386,642.238313,615.422833,650.505188,675.048713,724.280108
16,459.360875,402.335102,314.400600,212.415914,166.954000,112.001828,65.400406,117.923114,162.926142,255.032852,468.768128,351.327469,271.633196,219.032139,156.052918,77.507828,0.000000,74.745183,152.766498,231.852246,423.704165,397.293839,289.382266,215.859599,163.354250,112.007315,67.306258,127.570759,172.819252,262.293217,478.873395,366.424724,307.693274,263.330777,221.505104,166.905724,141.460359,187.357889,229.915559,299.270233,495.495373,415.675145,334.147163,304.713584,273.636124,251.129856,214.332387,279.322363,289.536956,356.628928,534.434915,472.346869,381.064776,382.546669,360.163079,290.164255,302.796699,327.355853,362.395049,412.540698,580.231056,534.129889,457.370984,426.371336,381.937757,367.747311,406.339359,387.640472,431.453530,475.961215,638.995917,580.177105,527.624206,488.950823,455.190692,456.369166,469.975983,456.268827,485.252782,531.257772,675.472639,610.007518,600.709060,549.904572,547.775038,529.602998,539.003680,530.031099,558.977139,625.856795,701.455044,676.682436,672.839198,626.905579,600.868933,629.306001,594.058621,619.257066,638.546224,682.329803
17,534.060558,476.902565,389.108454,286.573222,241.476475,182.168885,91.571314,82.533747,101.011576,190.808107,542.988632,425.591491,345.328032,291.786343,228.772159,152.234315,74.745183,0.000000,78.262469,158.466068,494.476167,468.377175,357.564141,282.074280,223.306538,164.856492,76.477458,65.850284,108.377099,189.428019,546.491437,432.882807,370.216011,318.742752,268.269632,188.897505,152.567682,150.937861,180.676256,232.915145,558.776533,470.522410,388.936527,346.901383,309.304760,261.023770,214.450479,245.943812,245.947584,298.753162,589.060913,525.385343,424.950013,416.724057,385.213741,298.699193,291.310054,297.193527,315.878328,363.746401,631.014513,579.043296,496.570510,455.981712,399.137717,367.212982,397.869059,365.421180,393.635306,428.076375,682.353090,618.124983,559.374171,514.614398,464.586814,454.952334,453.898200,434.473233,447.160950,487.482026,715.448115,644.341611,625.243032,565.341808,556.324275,526.262549,525.153399,505.798401,524.845140,583.752556,733.876443,707.494470,693.862163,640.193044,608.650476,623.395246,580.222808,594.890627,608.433170,645.993868
18,611.609304,554.129315,466.726215,363.347074,318.819256,256.397028,153.176945,99.656242,62.405029,128.765555,621.250933,503.851145,423.548365,369.812541,306.849776,230.256797,152.766498,78.262469,0.000000,81.293093,571.522296,545.599291,433.583586,357.507879,296.496819,236.629250,142.225674,68.817765,77.680999,120.189425,621.733334,507.730408,443.098814,387.933408,333.241480,242.235825,202.681636,156.296452,161.899271,177.688887,631.263579,537.739962,456.860496,406.901325,365.647950,299.582052,248.362013,241.382452,227.862273,255.618287,655.361269,590.912019,484.791717,469.284238,431.143911,333.884917,307.909572,292.641574,288.996262,331.622542,694.189584,637.994305,551.843156,504.106198,438.023598,390.882168,412.467841,366.521312,375.018353,395.240627,739.309760,671.095050,607.748708,558.398610,494.721638,474.913398,458.689579,433.536238,426.558275,458.694850,769.384154,694.032189,666.559496,599.177503,583.828993,542.633417,530.603722,500.227470,507.296366,555.397223,781.192161,753.597084,731.276935,670.986480,634.601667,635.445944,584.632649,587.453911,594.183385,623.854904
19,688.283680,630.214592,543.778888,439.177307,395.768411,329.930261,220.910074,151.182777,89.251966,76.062319,700.551333,583.106068,503.421501,450.200943,387.165017,308.898299,231.852246,158.466068,81.293093,0.000000,652.641947,626.650152,514.867480,438.800178,377.595719,317.593595,222.805524,141.423467,126.437844,90.624936,703.000303,588.969724,524.010500,467.845884,411.826764,317.107870,277.274336,210.889246,196.493234,163.826645,711.961779,616.557361,536.144364,482.841885,440.100793,365.363230,313.186024,279.041718,254.217638,250.207956,733.550657,668.847978,560.209958,540.740728,498.964999,396.650314,358.601731,326.680451,300.831633,334.770340,770.715674,712.306136,624.361924,572.559565,501.182983,444.138691,458.050747,402.068988,391.114593,394.605586,812.119311,741.631703,675.612300,623.530737,550.802078,523.426788,494.682568,464.990485,438.609434,460.648560,840.187521,762.315998,729.151779,656.783687,636.714326,587.001809,565.633462,525.558400,520.329219,555.502571,847.467740,819.135589,790.563240,725.595592,685.691643,674.764805,617.775431,609.214827,608.907650,629.675112
20,175.675717,177.427006,178.744716,258.335251,282.601638,355.639226,459.014981,533.809617,586.094309,677.913801,110.616145,114.301309,162.065286,206.385622,268.278611,351.081015,423.704165,494.476167,571.522296,652.641947,0.000000,26.911370,140.479019,216.661920,281.667873,340.942210,434.511015,523.586798,561.423326,662.092535,76.465286,86.682072,155.720786,223.813440,284.530095,382.817410,412.892560,517.114417,569.946991,671.411151,133.140151,187.979529,195.645534,278.014871,314.308698,414.040879,439.024897,558.537205,594.746901,690.928270,236.615759,218.752092,266.050963,325.863525,369.913673,425.778155,501.456357,577.069443,656.194794,703.278384,297.239350,313.174086,316.938320,365.118280,415.107673,488.802857,541.699519,585.761197,675.952702,751.028573,393.485285,390.442985,399.563151,415.976707,486.428113,539.158107,613.746250,628.989811,718.178421,779.289948,444.047714,434.388727,489.953015,509.747975,545.914508,594.622097,651.571876,692.620055,759.424320,851.356128,513.606437,505.032365,562.533353,574.034144,586.093066,679.057515,692.078515,762.447154,805.525927,872.216857
21,172.819829,165.710179,156.361226,232.138143,255.766343,328.754233,432.158827,507.034939,559.545668,651.312300,116.831722,93.123462,135.291606,179.612475,241.683556,324.368310,397.293839,468.377175,545.599291,626.650152,26.911370,0.000000,116.572895,192.032050,257.343499,316.172962,409.258249,498.448684,536.755558,637.326755,99.379271,74.486694,137.991273,204.969260,264.304915,360.792248,389.851918,494.165498,547.186365,647.966313,150.556138,187.748733,184.069199,264.163236,298.075562,395.672935,418.583791,538.150639,573.668987,669.323597,249.262325,224.721164,259.431424,317.851580,359.009061,409.249381,483.766837,558.270865,636.220850,683.837758,310.210820,320.024681,315.938211,359.400112,404.417712,474.919474,528.178869,569.630440,658.572578,732.724958,404.982902,396.695268,400.644467,413.062516,478.011183,528.668729,600.980804,614.831114,701.795588,762.600942,455.205529,440.464047,491.902759,506.812084,541.033043,586.246185,641.148537,679.807505,745.157010,836.382766,522.173616,512.137556,565.752831,573.217813,582.808963,672.852302,683.036531,751.461567,793.533190,859.391298
22,250.440794,216.306305,153.493925,169.347021,173.256163,239.359411,331.874568,403.655256,452.283000,544.398129,219.404534,126.412084,81.017017,87.151932,139.221837,221.771217,289.382266,357.564141,433.583586,514.867480,140.479019,116.572895,0.000000,76.536036,141.202550,200.705804,294.852454,383.651363,421.025882,521.735934,189.491131,78.596661,54.197091,100.695835,152.930175,245.176277,273.369047,377.691173,430.784980,531.394778,211.709581,170.963255,116.877224,175.283324,198.250159,287.190518,305.250917,424.526669,458.908786,553.816755,276.212006,226.652534,201.814720,248.975340,276.316157,305.730789,376.218467,447.679446,523.102544,571.595777,332.882966,314.707092,276.874908,297.382615,320.850078,378.595579,432.267754,465.572739,550.835065,622.664615,415.113605,383.632801,364.896589,359.901005,400.831518,442.909417,506.647053,516.077159,596.357017,656.175687,461.576679,424.498498,456.042424,450.219248,475.853866,507.064753,554.077938,584.637520,645.252805,734.134761,514.355623,498.063861,533.140907,523.530042,522.991405,600.363064,600.247873,661.546908,700.151240,763.146517
23,305.584094,261.494290,181.258399,147.559301,130.783525,182.871313,263.175727,332.095245,378.252517,470.297005,287.001045,179.761488,104.699098,62.872635,78.035178,153.838032,215.859599,282.074280,357.507879,438.800178,216.661920,192.032050,76.536036,0.000000,65.491097,124.282939,218.323784,307.128462,344.789348,445.434701,264.430115,150.930873,94.471729,79.654763,100.500590,176.075711,200.453820,304.439593,357.783694,456.831739,279.983900,213.182974,137.784605,157.311442,161.831806,231.485104,240.596489,357.984275,390.043878,483.092551,328.823954,271.395764,211.242844,242.624350,253.876598,256.711259,319.675642,385.784101,456.817208,506.424909,380.671881,348.817686,292.174285,293.029727,294.681251,336.149853,388.900358,412.136807,491.908772,560.285935,453.306476,409.619537,376.811182,359.034378,377.425761,409.909629,463.544580,468.074357,539.892308,598.142268,496.253055,447.038718,464.146969,442.900484,460.700202,478.810246,517.505485,539.565237,594.605850,680.357731,539.255262,519.484714,541.331784,519.512481,511.035649,576.289997,567.008430,620.841366,655.712033,715.402474
24,365.457160,317.739465,232.540438,171.263021,137.611230,163.188970,218.945081,281.277270,322.215638,413.620392,351.372761,241.117557,161.504837,108.688777,76.687678,117.923685,163.354250,223.306538,296.496819,377.595719,281.667873,257.343499,141.202550,65.491097,0.000000,60.269364,155.327403,243.218999,279.864277,380.605583,325.974752,211.770761,146.937442,100.754477,75.542041,115.570418,135.995117,239.472751,292.863466,391.373817,335.480508,252.534471,171.275885,156.570642,141.651871,183.517083,183.061876,297.341923,327.525669,419.187735,371.197819,309.601626,226.719786,242.158624,238.003316,214.543797,268.217771,328.692417,395.874901,446.105875,418.099368,376.141236,306.695130,291.013638,272.934849,297.515932,348.134359,362.002828,436.439414,501.817739,481.514230,428.677059,385.117087,357.104803,355.032291,378.047011,421.754483,421.966249,486.099231,542.817457,520.815304,462.370315,466.942054,432.936717,443.519527,449.806354,480.673954,495.204722,545.179224,627.991617,554.924924,532.518191,542.774741,510.858564,495.676943,549.506536,532.458346,579.453998,610.979856,667.659271
25,413.842948,362.711079,274.688468,195.076659,152.388219,148.811749,173.801867,228.383824,264.969060,355.644327,405.924114,292.464648,210.722092,155.043296,102.660273,93.382268,112.007315,164.856492,236.629250,317.593595,340.942210,316.172962,200.705804,124.282939,60.269364,0.000000,95.082996,183.090068,220.586340,321.172949,386.243310,272.037829,206.469899,154.224428,109.544650,85.170318,89.045445,187.049286,240.134920,335.193914,394.746348,306.529964,224.810135,193.127988,164.999368,169.396112,152.211234,255.799132,281.414546,368.945677,425.306778,362.302945,269.090694,273.111565,256.533918,206.152831,243.688258,293.264047,352.421276,403.422270,469.393655,422.148435,345.921835,318.780480,284.167838,289.325575,335.716278,336.808297,402.086537,462.000930,526.988708,468.766847,418.308393,383.008433,362.693529,375.222253,406.453776,401.170755,453.778832,507.721331,563.650118,499.480075,494.591942,450.447919,454.240696,448.584295,470.318678,475.604599,518.459848,596.630356,591.354801,567.227805,568.405561,528.320347,507.269202,549.172647,523.998132,562.592460,589.765441,642.239943
26,493.823107,439.310115,350.238935,255.764341,209.246443,169.708098,126.976850,153.550198,177.037179,264.961202,493.507886,377.527396,295.487082,239.803891,179.213430,121.100023,67.306258,76.477458,142.225674,222.805524,434.511015,409.258249,294.852454,218.323784,155.327403,95.082996,0.000000,89.315257,130.267868,229.279840,481.287165,367.091026,301.258799,245.859461,192.859521,113.923567,80.713379,123.416969,170.355554,252.361117,489.167153,396.463500,315.223270,270.515229,232.914334,191.801650,150.397703,212.992355,225.959741,299.963610,514.610035,450.547283,348.599455,340.643111,310.899054,230.527430,236.597879,260.351652,299.185001,349.916108,555.422448,502.670449,420.136556,380.744444,327.547938,304.830178,341.197101,320.408453,365.280562,412.595333,605.886166,541.821095,483.869560,440.474043,396.817036,393.481100,403.469307,389.118128,418.998054,466.264151,639.037264,568.477737,551.620837,494.982705,489.243238,466.259929,472.980897,462.787672,492.027459,560.213041,658.401418,632.324585,621.502485,570.938094,542.083789,565.345791,528.111917,552.039086,571.275690,615.543594
27,580.216969,524.644337,435.779199,337.307274,291.001357,239.504929,157.280901,136.139424,124.744624,197.372943,582.260809,465.862558,384.004901,328.552458,267.138644,200.501884,127.570759,65.850284,68.817765,141.423467,523.586798,498.448684,383.651363,307.128462,243.218999,183.090068,89.315257,0.000000,45.251045,140.323130,568.900800,454.719373,387.410784,328.559008,271.112159,175.826502,136.003574,93.783070,115.681481,171.715068,574.027323,475.760763,395.839787,341.458985,299.063615,230.778183,179.686775,186.090663,181.833677,233.400215,592.362216,527.589213,418.945519,401.363081,362.437468,265.320892,243.297928,237.876034,250.616545,298.068122,629.305661,571.450297,484.366018,435.508824,369.313111,324.576414,349.161255,309.091364,330.251121,362.423411,672.024333,602.991083,539.106847,489.581063,427.210531,409.966417,399.809866,377.528859,383.463517,422.338351,701.383262,625.468689,597.815464,531.161683,517.026423,479.086157,471.633608,447.108186,462.116265,518.790036,712.432069,684.797447,662.874104,603.576195,568.252486,573.767401,526.302626,535.678863,546.847026,582.302553
28,623.577942,568.453441,479.470973,381.950747,335.549354,284.754106,199.712116,167.681276,140.082028,194.268688,623.610092,507.785966,425.724077,369.979767,309.428524,245.177970,172.819252,108.377099,77.680999,126.437844,561.423326,536.755558,421.025882,344.789348,279.864277,220.586340,130.267868,45.251045,0.000000,100.774335,603.749055,489.875349,421.025582,359.425706,299.573238,199.102580,160.131818,84.787798,84.377264,126.466130,605.516273,502.723403,424.417751,364.000709,319.559121,239.464569,187.255878,163.977178,150.799962,190.849492,617.499984,552.505897,440.070724,416.792685,373.317596,270.229169,235.003533,215.050028,214.856524,260.076789,651.366176,590.273351,500.936366,446.996259,374.748080,319.704086,337.697257,289.213401,298.811914,324.341406,688.541929,616.721057,549.736939,497.177709,425.552832,401.481574,381.601436,355.948160,351.014269,386.102204,715.304924,636.493485,602.749401,531.198651,512.786107,467.713887,453.467326,422.580957,431.187599,482.855088,721.179295,692.769524,664.649970,601.056938,562.652057,559.220476,507.308839,509.950765,517.541410,549.174342
29,719.706402,663.572971,574.971305,474.592739,428.762193,371.594435,272.760514,217.121573,163.777398,164.576679,722.576696,606.166772,524.327693,468.858898,407.421183,338.332723,262.293217,189.428019,120.189425,90.624936,662.092535,637.326755,521.735934,445.434701,380.605583,321.172949,229.279840,140.323130,100.774335,0.000000,704.368868,590.569757,521.477628,459.125141,398.481520,296.414612,258.555378,167.010631,132.911791,73.405937,705.098077,600.027125,522.901153,458.905505,413.337748,324.255646,273.311774,209.906638,177.669571,159.928683,713.200280,648.227173,533.281707,504.859277,457.073654,349.646862,298.003801,252.257574,214.392573,245.275570,744.399005,680.472645,589.395554,530.368355,451.833262,383.582775,389.476020,326.554294,304.950612,304.267094,775.835952,701.205477,630.965465,575.067806,491.299885,456.387716,417.848924,385.594200,350.621312,370.449478,799.463423,717.523217,675.762849,597.674964,572.540353,515.402295,487.339643,442.120362,432.181057,465.007689,798.635836,769.343981,732.291670,662.403196,619.206572,598.477829,537.863406,523.652412,520.905714,539.697985
30,237.433723,249.370722,254.978323,329.640040,349.528256,421.121321,519.814732,592.680342,641.769715,733.885204,162.856236,190.709654,230.855222,268.141139,326.913890,410.120130,478.873395,546.491437,621.733334,703.000303,76.465286,99.379271,189.491131,264.430115,325.974752,386.243310,481.287165,568.900800,603.749055,704.368868,0.000000,114.209476,183.316509,249.215846,311.943114,414.685789,448.659085,551.184165,602.666200,706.658556,64.354469,161.115644,200.566813,284.207468,326.709504,431.180556,463.507951,581.265307,619.942099,717.629060,173.070410,172.175971,251.082336,312.215443,363.495738,436.199415,514.691871,593.465633,676.416042,721.066087,231.611827,260.391130,283.906155,343.551646,406.882699,489.239395,540.193544,592.464577,686.236408,764.172711,329.402893,337.418745,358.837716,385.377468,470.011778,528.163021,608.977293,628.591450,724.597102,786.385976,380.148617,381.116907,445.624770,477.625134,518.593400,576.648656,639.138799,687.287776,758.345372,852.103266,454.222652,448.752816,514.420192,535.645176,553.999296,654.089193,675.159709,750.874482,796.814447,865.784559
31,244.239049,228.023461,193.192362,238.713268,249.129996,317.212518,410.341542,481.614399,529.075808,621.153488,191.294960,141.649013,140.602230,163.745475,217.814595,300.205771,366.424724,432.882807,507.730408,588.969724,86.682072,74.486694,78.596661,150.930873,211.770761,272.037829,367.091026,454.719373,489.875349,590.569757,114.209476,0.000000,71.859253,140.066239,202.240048,303.416115,336.068806,439.411875,491.515259,594.686694,133.496249,121.663530,109.845201,191.396276,227.900304,328.769847,356.187868,475.316219,512.564415,609.546411,207.934421,168.422829,185.648542,243.499743,284.742016,339.378650,415.567907,491.955477,572.268677,618.685545,267.382652,262.624285,246.354483,285.794091,330.114182,402.245485,455.245212,499.190547,589.796777,665.398383,356.293721,336.987525,332.908964,341.141114,403.548469,454.350033,527.576631,542.396947,631.645376,692.833812,405.027271,379.997129,424.788516,434.655290,467.604825,511.776610,566.832523,606.443535,672.822800,764.680142,465.744945,452.974036,500.042157,502.741434,510.290901,598.796842,608.553506,677.305097,719.760927,786.055491
32,293.392586,264.913541,207.163088,218.477872,215.471458,275.213109,357.340453,424.956643,468.632648,560.290059,251.960064,174.126905,135.044152,131.412602,170.737953,248.286948,307.693274,370.216011,443.098814,524.010500,155.720786,137.991273,54.197091,94.471729,146.937442,206.469899,301.258799,387.410784,421.025582,521.477628,183.316509,71.859253,0.000000,68.376504,130.380984,231.915053,265.356436,368.186905,420.047389,523.597457,188.563821,122.620593,62.784503,129.396153,160.251196,258.335224,284.426179,403.673100,440.742747,537.687903,235.205583,180.248998,147.849995,196.980036,228.699861,271.274029,346.002057,421.350290,500.891235,547.675377,288.800910,264.232235,222.767521,244.527569,273.903563,338.567668,392.103863,431.691869,520.711133,595.369591,366.511720,331.215307,310.744765,306.271636,352.009960,397.432878,465.668447,477.963433,563.810744,624.613946,411.780328,371.515151,401.846960,397.205846,424.282016,459.264791,509.468623,544.281485,608.088676,698.811306,461.980776,445.017496,478.956397,469.935649,470.600198,550.774844,553.962893,618.449887,658.905349,723.628835
33,351.110562,315.870859,245.708538,226.818777,209.544001,254.854358,319.679083,381.114025,419.155846,509.518955,316.364601,226.801416,167.729232,139.694241,152.751397,216.264595,263.330777,318.742752,387.933408,467.845884,223.813440,204.969260,100.695835,79.654763,100.754477,154.224428,245.859461,328.559008,359.425706,459.125141,249.215846,140.066239,68.376504,0.000000,62.736298,165.708893,201.050662,302.281582,353.483705,457.749266,246.090935,152.493926,70.833432,80.082741,97.554518,190.705878,216.121855,335.304875,372.529310,469.653666,271.317806,209.043673,132.769578,163.517978,180.233744,206.092588,278.995630,353.414241,432.540481,479.465103,317.357403,276.914339,213.942879,213.884878,223.446952,277.900053,331.571946,366.450193,453.881646,527.758855,382.241297,333.420375,297.543428,279.664332,305.093725,343.700568,405.964702,415.609653,498.009356,558.412987,422.978909,369.545212,384.508689,364.811931,385.004379,409.590591,454.219219,483.944651,545.059334,634.582869,462.040256,441.435540,461.679880,440.899533,434.380685,504.886841,501.276273,561.110721,599.463816,662.528948
34,400.313112,359.701620,281.583451,239.068586,210.409462,238.302538,282.921395,336.978823,369.280970,457.813469,372.228241,274.215502,204.270907,161.947694,149.076999,190.279250,221.505104,268.269632,333.241480,411.826764,284.530095,264.304915,152.930175,100.500590,75.542041,109.544650,192.859521,271.112159,299.573238,398.481520,311.943114,202.240048,130.380984,62.736298,0.000000,103.365006,139.928966,239.842540,290.809472,395.249075,306.884232,204.731990,124.956397,84.165484,66.740193,134.606344,154.494971,274.020385,310.493559,407.312029,322.129364,257.807694,159.559676,167.672760,163.041445,156.756801,223.677394,294.903817,371.921288,419.653674,362.745243,312.919022,236.812600,215.905471,199.820207,235.654069,288.425212,314.389469,398.022453,469.836185,417.569856,359.611337,311.886163,281.816248,282.527155,310.726095,363.092327,368.371451,444.142775,503.581932,454.137654,391.283690,392.085806,357.604575,369.515156,380.816126,417.307639,439.362608,495.883373,583.111470,483.531193,460.191799,467.611828,435.468842,421.305503,479.454183,467.310017,520.342509,555.491672,615.864475
35,480.490476,433.307512,347.810889,277.401364,236.437782,231.700110,232.215768,267.464597,286.998254,370.310447,462.429971,355.371610,276.853735,224.163717,182.244323,175.322115,166.905724,188.897505,242.235825,317.107870,382.817410,360.792248,245.176277,176.075711,115.570418,85.170318,113.923567,175.826502,199.102580,296.414612,414.685789,303.416115,231.915053,165.708893,103.365006,0.000000,39.834306,136.573141,188.132786,292.047981,409.995190,303.811638,226.654704,165.814885,123.422536,86.854222,68.689514,182.146550,214.195272,308.650713,418.463205,353.487301,243.123383,228.480126,196.983319,125.313498,158.800260,213.545664,280.904331,330.836379,453.725582,395.825613,309.953207,267.103655,215.374198,206.773096,251.401223,252.306102,321.805891,386.250046,497.174935,430.340510,370.480557,326.561141,288.550392,294.200116,321.460969,316.085302,372.329865,428.074269,528.219457,455.604145,437.788988,383.324269,381.088580,367.774099,386.067632,390.477589,434.669049,514.831246,544.978942,518.655520,508.174535,460.105749,434.220688,468.259741,440.107084,477.427678,504.833925,558.174849
