node_id,0,1,2,3,4,5,6,7,8,9,10,11,12,13,14,15,16,17,18,19,20,21,22,23,24,25,26,27,28,29,30,31,32,33,34,35,36,37,38,39,40,41,42,43,44,45,46,47,48,49,50,51,52,53,54,55,56,57,58,59,60,61,62,63,64,65,66,67,68,69,70,71,72,73,74,75,76,77,78,79,80,81,82,83,84,85,86,87,88,89,90,91,92,93,94,95,96,97,98,99
0,0.000000,86.074205,141.217760,241.534405,315.883850,365.908752,436.241886,517.897832,611.127876,674.038765,81.789350,132.498277,206.977544,244.340723,299.809459,392.938234,484.820512,552.087235,631.146517,705.297277,150.652530,192.360436,250.950125,275.719131,343.613467,444.803009,475.299868,556.372605,617.491946,705.493936,260.577723,282.064886,298.036936,324.075227,399.154727,497.281278,528.677581,580.633145,646.828815,729.323847,340.910397,312.626425,354.271541,437.120156,464.154785,521.476282,590.463849,639.105828,697.874348,789.323148,404.040213,427.340670,413.418953,487.795606,508.421952,600.255446,618.304137,685.179425,731.689915,795.086105,458.800677,492.937705,498.941947,540.310410,585.843491,620.755420,685.885469,763.356812,814.597552,887.192486,561.475058,570.986025,591.423513,604.534012,663.242848,695.162757,748.298702,795.318421,843.716851,900.449970,641.992264,609.797327,664.825123,669.169579,716.211979,767.076345,813.035907,860.820241,898.248305,979.992166,687.522971,688.344327,744.324502,756.165496,807.654289,837.867174,848.510459,912.528638,954.980746,1018.757429
1,86.074205,0.000000,55.190732,156.518322,229.966460,280.197674,350.190700,431.831778,525.115071,588.061664,103.760357,87.280654,137.575284,167.655095,217.044087,310.144214,400.248428,467.810322,545.589956,620.088634,177.031619,172.738418,202.971807,207.362337,271.398761,365.725478,395.360751,473.978501,534.426599,621.924879,270.894396,268.222708,261.532574,268.512964,334.529911,425.678002,451.769695,501.936886,567.159822,649.476394,338.898211,294.486193,314.757534,387.887563,402.736673,455.039598,518.733881,564.368346,620.432106,712.241177,404.358915,413.458507,384.307303,447.920109,455.775456,540.588962,554.798403,618.535227,658.387035,720.004363,461.545609,473.765886,474.440036,500.343073,538.005599,563.359820,628.262973,697.936387,746.345134,815.886075,555.889457,558.306387,566.544936,567.015570,617.702154,645.270228,689.736861,733.043761,776.945826,832.843986,638.029169,597.942355,643.240018,637.309699,673.333173,719.310095,760.195699,803.918505,836.210512,914.932784,682.016035,677.091413,720.129946,728.364923,769.924705,792.570672,798.380903,859.468006,898.115376,955.438925
2,141.217760,55.190732,0.000000,103.908809,175.330108,225.861563,295.203124,376.787447,470.194928,533.198864,147.074165,97.710583,109.462963,127.291157,167.082167,259.353645,347.188175,414.974470,491.294178,566.157771,213.411037,184.528658,190.063066,174.611587,232.331361,318.489086,347.093505,423.030995,482.715857,569.629931,293.608424,276.448116,254.112377,245.184316,301.242644,384.923869,406.061593,454.376502,518.528242,600.514856,351.761242,298.625118,302.750021,366.341501,371.027350,418.470667,477.196887,520.048042,573.614688,665.519448,416.905005,416.744751,377.879735,432.370497,430.393560,508.760136,519.805057,580.645275,614.934109,674.922084,474.455520,472.355752,469.391363,483.927285,515.303639,533.122134,597.381259,660.653911,706.667881,773.618431,562.187951,559.983832,559.952905,551.566045,595.955491,620.102429,657.783172,698.053412,738.329226,793.422319,644.477262,599.703235,638.091768,625.172272,653.093451,695.228995,732.176804,772.700823,801.030192,877.254651,687.089902,678.492638,712.593668,718.316269,752.728137,769.880274,772.170197,830.869646,866.596113,918.976576
3,241.534405,156.518322,103.908809,0.000000,77.150242,125.114590,197.686260,279.261893,371.245183,433.758864,225.665371,149.591719,89.388151,62.492491,65.291105,155.784316,243.745185,311.379856,389.725772,463.771700,274.466650,210.427265,169.772665,114.161162,148.594468,217.868344,245.176581,319.231714,378.807528,465.816047,324.134280,282.444950,233.378981,193.591604,224.557752,292.466827,306.560525,352.709283,415.851676,497.528748,360.067170,294.865296,267.814793,308.662459,294.239632,332.054503,382.498004,421.534832,472.326367,564.154448,421.027558,403.445296,348.295548,383.021935,363.065653,428.507900,434.319314,490.207962,517.040543,575.092199,476.891853,447.878255,438.213262,431.235040,450.515542,455.104501,517.454035,570.527181,613.068768,676.621370,549.386828,538.560709,523.180786,498.870240,531.288214,549.253223,575.562032,610.972544,645.989086,699.831723,630.074850,577.464480,602.267174,576.923542,590.151998,625.279005,655.480602,690.747152,713.120965,785.654042,669.308225,654.003223,671.178538,672.312898,693.768853,701.488658,698.030320,752.559393,783.670982,828.860634
4,315.883850,229.966460,175.330108,77.150242,0.000000,50.979006,120.899147,202.626764,295.332884,358.170033,302.779769,225.752626,156.904029,116.457836,58.803844,102.866791,175.157292,242.994444,316.067417,391.309023,349.445261,278.850963,223.090720,151.414594,150.119943,174.339451,195.523920,257.307573,313.596474,398.278096,390.075208,339.925657,280.086086,222.933048,224.394365,263.465923,261.989963,300.692469,359.291895,438.963442,415.780234,347.055799,302.760364,322.327770,288.278669,311.023122,346.030160,376.500118,419.699754,510.498020,473.023552,446.148053,382.484820,400.494868,364.313485,412.460204,411.152994,458.558653,471.931329,525.209397,526.776518,482.106878,468.025845,444.062930,451.278221,441.098984,499.694550,538.103765,574.709094,631.794948,589.009303,572.768832,546.671831,509.799588,530.174100,541.337884,553.918721,582.408476,609.322956,660.714128,667.417144,610.413338,624.975259,590.059034,589.630280,617.047644,639.388962,667.967270,682.339389,749.015625,703.913904,684.225239,688.458582,685.819667,695.531145,693.875411,684.310891,733.537626,758.821810,794.121922
5,365.908752,280.197674,225.861563,125.114590,50.979006,0.000000,74.260752,154.828010,246.155455,308.648412,348.984744,269.973636,195.475702,151.480757,83.700849,68.040395,124.729387,192.377671,265.441001,340.440568,391.123520,314.630591,249.634985,173.505441,150.455754,139.292840,155.075403,208.782090,263.623332,347.622719,422.294987,366.086695,300.092547,234.195373,216.263024,234.025297,222.702580,256.494445,312.394592,390.902787,439.446644,369.194507,314.115114,318.883402,273.077115,285.234400,309.918165,335.156830,374.235419,464.199167,493.174533,459.789563,391.253974,397.587910,351.528349,387.654639,381.989842,423.811899,429.800175,480.524114,544.786128,489.257580,472.305456,437.270332,436.496248,417.124608,472.698307,502.267963,535.467744,589.093454,598.868482,578.900583,545.643888,500.811063,513.164687,519.941123,524.113162,548.429626,570.798360,620.716147,675.035943,615.324741,622.676876,581.659047,572.411913,594.799701,612.242529,636.764570,646.620321,709.982312,709.331895,686.669031,682.025798,676.901582,678.963840,671.491106,658.301081,704.166889,726.043174,755.928585
6,436.241886,350.190700,295.203124,197.686260,120.899147,74.260752,0.000000,81.747868,175.041619,238.142382,422.700891,344.107491,269.542534,225.217734,156.931828,102.369889,83.971558,141.988251,199.512392,276.165437,465.340737,387.743697,319.442523,242.590188,206.870441,151.538108,151.992224,171.637412,215.629743,292.435928,493.703957,434.604035,365.460537,294.797603,259.782200,246.119682,214.988664,232.938728,277.366905,349.537655,505.925952,435.185180,372.816530,363.241092,304.885712,300.627054,304.523882,316.354038,342.475219,428.113276,556.825517,518.441135,446.386571,440.660853,383.635782,400.926325,387.858062,417.778396,406.497974,449.253775,606.454439,541.625224,521.975685,475.023005,463.828904,431.012435,480.307103,492.445271,517.600768,562.061025,652.952754,629.418996,588.709660,534.788721,535.969668,535.992687,525.819119,541.753318,554.132954,600.100877,726.418666,664.292362,663.527822,615.379963,594.093394,608.484641,617.540362,634.438299,635.240017,690.840219,758.227397,732.472185,717.332991,709.049057,700.479981,684.142509,665.072199,704.592851,719.886325,738.343378
7,517.897832,431.831778,376.787447,279.261893,202.626764,154.828010,81.747868,0.000000,94.081343,157.267353,503.811790,424.605328,348.325639,303.434400,235.057224,163.039499,85.371014,99.835712,124.246473,201.028345,544.414658,464.000929,391.387458,314.820630,268.982608,183.857301,169.477940,143.178099,165.240925,227.804231,566.695862,503.870394,431.643207,357.297127,307.527672,264.590939,215.935760,213.005609,239.078447,299.741701,572.054688,501.294578,431.586096,407.391751,338.851321,318.172328,299.386376,295.096519,304.476043,382.065300,619.040627,575.037301,499.982334,481.383241,414.475542,411.189713,390.627745,406.228688,375.806116,408.157523,665.868410,590.777248,568.373590,509.280374,487.172182,440.863686,481.823678,474.372671,489.956002,523.373807,702.932322,675.478925,626.822941,563.748633,552.729027,545.379488,519.695135,526.012643,527.068089,567.866717,772.641473,708.230298,698.241933,642.745585,608.529239,613.886891,613.561976,621.791235,612.618943,658.972326,801.298321,772.156985,745.224828,733.484971,713.183250,687.258993,661.975348,693.974784,701.853394,707.634428
8,611.127876,525.115071,470.194928,371.245183,295.332884,246.155455,175.041619,94.081343,0.000000,63.196819,594.242028,514.068095,435.716003,390.529951,322.899125,241.205697,146.039814,106.718055,46.154422,114.040506,631.268373,547.435819,470.568696,395.520025,341.685934,239.069580,214.681261,147.371876,129.684255,157.201015,645.425994,578.742354,504.063509,427.462137,365.377143,297.246858,236.606630,210.193206,207.883595,246.250877,642.649703,572.650581,496.210430,457.576789,381.608221,345.358640,303.196368,280.014501,266.903917,329.226327,684.680940,634.860043,557.738801,525.768499,450.509817,425.053325,397.107828,395.296172,343.068393,360.657764,727.831064,642.110839,617.038675,545.956956,512.552497,452.961412,482.898519,452.776057,456.292409,475.328542,753.719850,722.151827,665.299328,593.283136,568.920799,553.442610,510.684161,505.520284,493.023248,526.609980,818.396777,752.090558,731.795645,668.905997,620.779156,615.726667,604.603080,602.565620,581.859255,616.445628,843.148181,810.429914,770.389352,754.879970,721.512206,685.035401,653.048923,675.755018,674.868961,665.741812
9,674.038765,588.061664,533.198864,433.758864,358.170033,308.648412,238.142382,157.267353,63.196819,0.000000,655.895475,575.355059,496.219481,451.035024,383.943215,299.446006,202.330252,150.194167,57.023516,68.638854,691.151314,605.802812,527.166557,453.228215,396.333503,288.578178,261.114535,181.354652,141.791314,129.494341,701.139797,632.692724,557.155013,480.023301,412.762849,333.765347,269.916412,232.256185,210.744343,227.229702,694.068819,624.805022,545.380785,499.563390,420.963688,377.192724,322.964756,288.734158,259.884253,306.545953,733.212833,680.438867,602.736429,563.671629,484.797128,446.805756,415.017310,401.879474,335.915620,341.297084,774.111643,682.862537,656.461937,579.188572,539.569402,472.974975,495.253351,450.393439,445.059631,452.708144,793.448377,759.655054,698.372504,621.711424,589.464594,569.064621,515.795033,502.800491,480.748421,508.344356,854.806857,787.742313,761.379924,694.488728,638.164211,626.441208,608.260581,599.184164,570.548141,596.015111,877.082334,842.371758,794.513832,776.756971,735.321029,692.264713,656.125802,672.197605,665.151672,645.265554
10,81.789350,103.760357,147.074165,225.665371,302.779769,348.984744,422.700891,503.811790,594.242028,655.895475,0.000000,81.674576,163.719321,207.558551,272.339313,362.176464,458.499574,523.524699,608.701253,679.856135,75.809648,113.851990,183.568847,225.084614,294.573790,403.939369,435.608708,521.421820,583.848211,672.747364,181.055827,200.605108,222.408669,258.959966,339.766262,443.763014,482.406208,536.901559,604.347399,686.544683,259.544743,231.510972,278.832719,365.349669,400.580997,461.764088,535.915623,588.162221,650.742746,740.955512,323.195340,345.579131,333.778931,411.047305,437.865177,533.729738,554.809929,624.126697,678.005152,743.523193,378.564291,411.400693,418.022930,463.266460,511.976442,552.394826,617.271410,700.646760,754.435423,830.133084,480.137625,489.208941,510.371482,526.344258,587.890031,621.784533,680.027943,729.686935,781.914307,839.247557,560.942426,528.051751,583.317705,589.248656,639.549567,692.364307,740.821588,790.953021,832.016032,916.075590,606.317694,606.651147,663.012432,675.329372,728.994931,761.851947,774.717807,840.145282,884.810387,953.211375
11,132.498277,87.280654,97.710583,149.591719,225.752626,269.973636,344.107491,424.605328,514.068095,575.355059,81.674576,0.000000,82.156519,125.918231,191.438872,280.572159,377.105438,441.909335,527.550965,598.347498,125.716356,88.181961,120.529900,146.259725,215.521717,322.976332,354.507185,439.879553,502.255396,591.137866,195.973658,182.682751,175.258131,191.927812,267.008619,367.326473,402.958556,456.807398,524.029818,606.381836,255.929711,207.799518,229.632554,307.411409,331.656966,389.437284,460.214895,510.696997,571.832857,662.585969,321.368253,326.836122,297.321097,363.461434,377.601530,467.930182,485.822371,552.999118,601.994795,666.509819,378.870546,386.541038,387.219584,416.055995,457.176176,488.812130,553.951813,630.966852,682.662860,756.215529,470.303282,471.513495,479.404200,482.095977,535.887337,565.739155,616.226850,662.843404,711.470689,768.326413,552.572711,511.192178,555.979704,551.133913,590.448562,638.722380,682.571862,729.162329,765.800149,847.531353,596.142779,590.319308,633.021436,641.623199,685.343449,710.866575,719.152145,782.061290,823.379042,886.264551
12,206.977544,137.575284,109.462963,89.388151,156.904029,195.475702,269.542534,348.325639,435.716003,496.219481,163.719321,82.156519,0.000000,45.194914,113.279817,199.263516,296.377337,360.422639,447.247973,517.146570,196.089029,122.274714,87.228813,69.961289,136.646022,241.120653,272.527757,357.730184,420.131145,509.028058,235.148363,194.184667,153.036983,135.727701,196.955707,290.608510,322.513504,375.629065,442.600479,525.042841,272.008496,208.967891,196.590247,256.879844,265.409328,317.737196,383.840050,432.151510,491.678774,582.860858,334.157477,321.995140,274.525325,323.693647,321.566694,403.356742,417.228732,481.413334,524.789720,588.132636,390.705112,371.982581,366.058248,374.922870,405.994520,426.633370,491.358498,560.603391,609.793063,680.872692,468.561010,461.568124,454.958416,442.687184,486.571227,511.381297,552.553498,595.468771,639.940718,696.108534,550.208758,501.033736,533.682104,517.191122,543.634601,586.263257,624.604679,666.988758,698.635341,777.608323,591.046047,578.975109,606.522447,611.008618,643.402676,660.667938,663.868657,723.624391,761.122904,817.916116
13,244.340723,167.655095,127.291157,62.492491,116.457836,151.480757,225.217734,303.434400,390.529951,451.035024,207.558551,125.918231,45.194914,0.000000,68.434340,154.665232,251.464990,315.992704,402.224153,472.504787,241.070450,163.523206,109.534626,53.593128,105.118055,200.549050,231.342565,314.827002,376.949635,465.728257,273.674553,225.017208,171.605488,132.629767,175.184697,258.607031,284.774498,336.293398,402.579562,485.086827,301.897560,234.943947,205.420435,250.571071,245.361830,291.183167,351.424052,396.768461,453.836995,545.469811,361.370046,341.436551,285.842944,323.088207,309.140213,382.515805,392.622179,453.487543,490.738885,552.505282,416.603156,385.389788,375.939816,372.321044,395.817950,407.584807,471.374720,533.429353,580.050665,648.456116,487.153316,476.068328,461.532740,440.179821,476.780640,497.684843,531.257553,570.813760,611.376715,666.735340,567.699186,514.977653,540.623916,517.326166,535.077451,573.397158,607.422687,646.333191,673.761746,750.124203,606.829364,591.582368,610.407639,612.396852,637.416075,648.968154,648.494547,705.633880,740.054328,791.707151
14,299.809459,217.044087,167.082167,65.291105,58.803844,83.700849,156.931828,235.057224,322.899125,383.943215,272.339313,191.438872,113.279817,68.434340,0.000000,93.187918,186.702052,253.012223,336.385974,408.217704,309.364276,230.992881,167.672465,93.575631,96.182470,152.594572,180.258067,256.952729,317.715813,405.704580,338.866883,284.636051,222.254281,164.215763,172.774590,229.267221,241.275703,287.733892,351.465836,433.434488,359.453442,290.032321,243.965580,266.839449,240.026896,271.516487,318.108847,356.292118,407.259750,499.125361,415.534986,387.455210,323.772786,344.359498,313.360620,370.373186,373.508647,427.060583,451.838165,509.816185,468.788160,423.468965,409.781224,389.340857,400.911815,397.943535,458.904236,507.330268,548.702172,611.497169,530.206898,514.187668,489.537598,455.852041,480.851707,495.237314,515.656803,548.862722,581.957445,635.405957,608.683358,551.960759,568.104328,535.593091,540.189695,571.271061,597.907645,630.621993,650.517249,721.733385,645.360734,626.126155,632.956937,631.388836,645.314935,647.920035,641.555153,693.925881,722.937698,765.371333
15,392.938234,310.144214,259.353645,155.784316,102.866791,68.040395,102.369889,163.039499,241.205697,299.446006,362.176464,280.572159,199.263516,154.665232,93.187918,0.000000,97.601942,161.349602,248.643397,317.889913,392.243706,306.447359,229.825836,154.320573,106.604241,72.328421,92.898902,163.850557,224.554278,312.706672,405.093495,340.942927,268.677383,195.153800,158.199076,166.014370,159.129744,199.345475,260.640823,341.946454,409.192666,338.390576,271.652856,261.883130,208.778581,217.303829,244.088732,273.712078,318.940096,410.374823,457.490834,416.862537,344.182719,339.886601,287.755266,319.729670,314.056121,357.420336,369.233096,423.579315,505.870364,439.263989,419.815113,376.442407,371.274766,349.272535,404.660758,436.469436,471.974666,529.165002,550.590759,527.214019,488.191062,438.269444,446.856881,452.421313,456.329393,481.798445,506.747880,557.891432,624.156471,562.323016,563.919474,519.144231,505.932647,527.077779,544.220991,569.298490,580.829449,646.356098,656.315788,631.249769,620.366780,613.840570,612.563595,603.715963,590.260846,636.368597,659.050151,691.680384
16,484.820512,400.248428,347.188175,243.745185,175.157292,124.729387,83.971558,85.371014,146.039814,202.330252,458.499574,377.105438,296.377337,251.464990,186.702052,97.601942,0.000000,67.938193,151.054889,221.522427,489.845427,403.546345,325.080855,250.901779,195.655556,99.337216,84.401755,88.525304,139.109135,223.175636,499.604768,432.719641,358.224002,281.906989,224.928687,180.396267,137.398185,149.265898,194.475144,269.331583,497.309753,427.067082,352.673605,323.057805,253.509556,234.572488,225.370731,232.934585,259.100925,346.033523,541.062716,494.083989,418.052454,396.328236,329.184793,330.391413,312.947552,337.039437,322.530396,366.007542,586.015015,507.067777,484.060798,423.916853,402.925679,360.352658,405.170949,410.179108,433.863120,478.327785,619.234798,590.941192,541.482666,478.765310,470.224655,465.398415,447.397944,460.177365,470.483726,516.148654,688.037748,623.326840,612.904899,558.044333,526.866331,535.760127,540.237174,553.945929,552.295724,606.921072,716.234218,686.845023,660.529058,649.369917,632.294876,610.342182,588.247995,624.884182,638.010407,654.498628
17,552.087235,467.810322,414.974470,311.379856,242.994444,192.377671,141.988251,99.835712,106.718055,150.194167,523.524699,441.909335,360.422639,315.992704,253.012223,161.349602,67.938193,0.000000,94.017181,157.031179,551.535373,462.922806,381.642487,310.218595,249.243425,138.717888,110.953699,45.628865,73.663077,155.283840,553.880590,484.017691,408.065387,330.804100,262.643866,190.599725,131.182999,115.354862,140.568188,208.015215,544.134880,475.160928,395.187951,351.780262,275.061178,239.579085,205.709396,195.811307,206.324878,288.031967,583.062418,530.972187,453.449570,419.132384,343.935502,323.780652,299.065698,308.387295,276.294774,311.646174,624.445014,536.068349,510.666583,439.445015,407.870554,352.595552,388.340489,374.913409,390.281282,426.203508,647.468334,615.531910,558.741222,487.861870,467.360156,455.403074,422.829410,426.777175,427.376250,468.949132,711.707961,645.373573,625.853771,564.396724,521.004549,521.211019,516.981439,522.899137,512.783231,560.086314,736.469617,703.966463,666.308065,651.906778,623.811985,593.122717,565.514740,595.357073,602.167991,608.570475
18,631.146517,545.589956,491.294178,389.725772,316.067417,265.441001,199.512392,124.246473,46.154422,57.023516,608.701253,527.550965,447.247973,402.224153,336.385974,248.643397,151.054889,94.017181,0.000000,76.987999,640.869257,553.939584,473.961468,401.103133,342.214147,232.729706,204.636062,124.513088,91.018554,111.593704,647.102827,577.779954,501.947341,424.710439,356.145465,277.041568,213.511433,178.607695,166.532349,200.296347,638.141928,569.168313,488.977393,442.546288,364.045985,321.340332,270.746375,241.653763,222.986084,283.157373,676.594792,623.490613,545.765324,506.966549,428.596784,394.191240,363.904955,356.497990,299.433503,314.876249,717.202040,625.924347,599.624776,523.281840,485.269139,421.108327,446.962413,410.802990,411.960272,429.362557,736.611271,703.073867,642.577121,567.069032,537.569642,519.301755,471.546854,463.540357,448.525818,481.130851,798.420450,731.466918,706.503094,640.815171,587.681820,579.211020,565.030073,560.515379,537.669634,570.756396,821.173911,786.909449,741.426184,724.508150,686.623932,647.024398,613.308406,633.727196,631.132293,620.069619
19,705.297277,620.088634,566.157771,463.771700,391.309023,340.440568,276.165437,201.028345,114.040506,68.638854,679.856135,598.347498,517.146570,472.504787,408.217704,317.889913,221.522427,157.031179,76.987999,0.000000,708.532710,619.495561,537.361124,466.987870,404.521123,291.192018,260.509840,171.902827,115.273303,66.111853,707.811713,636.228755,559.784575,482.698882,408.035977,316.416630,251.672057,203.951711,165.149794,164.225218,692.328168,624.984687,541.237207,485.290379,404.669157,352.776145,287.328397,243.978328,203.534355,240.558268,726.237656,669.237958,591.405653,543.080315,460.893985,409.921566,375.023090,352.247356,277.567757,276.326477,763.291687,664.776514,636.842927,552.709157,506.656210,433.943834,448.972346,393.555277,383.068414,385.961389,773.203136,736.762210,670.572156,589.389422,549.484315,524.784363,463.523189,445.260667,417.996194,442.881626,829.989757,762.379939,729.214653,658.568731,594.839049,577.555927,554.207549,540.606962,507.819536,529.579642,849.180122,812.352471,756.493416,736.656449,688.272499,640.289445,601.389445,613.178852,602.853207,578.727134
20,150.652530,177.031619,213.411037,274.466650,349.445261,391.123520,465.340737,544.414658,631.268373,691.151314,75.809648,125.716356,196.089029,241.070450,309.364276,392.243706,489.845427,551.535373,640.869257,708.532710,0.000000,94.485061,180.064218,242.110280,308.579403,422.623040,454.626953,543.365358,606.038257,694.652760,111.379935,150.947281,196.196649,252.387738,337.888321,446.509165,493.054858,549.336263,617.078021,697.907746,195.448520,183.199348,249.656062,341.312925,390.190646,455.624789,535.360998,591.322576,657.608607,745.390621,256.093775,287.566602,289.578570,374.314553,414.376258,515.667190,541.280443,613.302948,676.569293,744.078661,309.488736,355.799130,366.577472,424.850746,480.444995,530.922399,594.539524,686.542374,743.548549,822.915337,414.485905,427.712250,457.321768,483.943008,552.149284,590.010091,657.249699,710.818939,768.445528,826.229039,493.873418,465.625803,526.804656,540.676591,600.233593,657.175217,710.400543,764.532244,811.436679,898.592154,539.785912,543.238778,607.588541,622.474663,683.757669,723.293549,740.933442,808.794095,857.308405,933.035028
21,192.360436,172.738418,184.528658,210.427265,278.850963,314.630591,387.743697,464.000929,547.435819,605.802812,113.851990,88.181961,122.274714,163.523206,230.992881,306.447359,403.546345,462.922806,553.939584,619.495561,94.485061,0.000000,85.778046,152.849001,216.491696,330.985658,362.888530,452.183454,514.689652,602.942389,114.332106,95.523696,109.369950,158.151260,243.471906,352.024237,399.127137,455.584458,523.264713,603.813322,167.757440,123.056812,165.565990,254.143504,297.324735,361.969751,441.057584,496.848431,563.168254,650.911422,233.186445,241.408156,221.079236,297.210681,327.184694,425.970482,449.817894,521.086914,582.459777,649.798242,290.692761,303.869378,307.662407,349.414555,398.930621,442.935758,507.363912,595.533661,651.519316,729.956450,383.153013,386.370964,400.266547,412.689245,474.241798,508.834229,570.200085,621.841348,677.303238,734.983995,465.310879,425.893592,475.067189,476.843700,525.699849,578.851749,628.325352,679.777471,723.406861,809.177942,509.287765,505.031573,553.668016,564.480539,615.567403,648.043367,661.483382,727.484000,773.330062,844.908348
22,250.950125,202.971807,190.063066,169.772665,223.090720,249.634985,319.442523,391.387458,470.568696,527.166557,183.568847,120.529900,87.228813,109.534626,167.672465,229.825836,325.080855,381.642487,473.961468,537.361124,180.064218,85.778046,0.000000,76.890664,132.895582,247.169715,278.860975,368.452586,430.698758,518.554760,175.361486,117.005780,65.818124,75.529130,158.965721,266.727215,313.388209,369.903569,437.551489,518.035978,192.822556,125.428417,112.987044,186.893703,217.102153,279.474609,356.678011,411.703944,477.577297,565.687517,251.843248,235.149082,188.339955,245.069644,257.526210,350.586315,371.249672,440.900595,498.492669,565.352972,307.266833,284.948725,279.973520,297.413492,336.669163,370.160316,435.241108,517.103846,571.317645,648.095208,381.660081,374.364360,369.986137,364.297458,415.592813,445.231767,497.810443,546.390742,598.442778,655.846237,463.151975,413.856133,448.319505,436.027355,470.630593,518.218024,562.352231,609.931474,648.929439,732.544566,503.835667,491.911617,522.531075,528.558825,567.006588,590.578718,598.649875,661.853592,704.065153,769.960563
23,275.719131,207.362337,174.611587,114.161162,151.414594,173.505441,242.590188,314.820630,395.520025,453.228215,225.084614,146.259725,69.961289,53.593128,93.575631,154.320573,250.901779,310.218595,401.103133,466.987870,242.110280,152.849001,76.890664,0.000000,69.497679,181.097577,213.094345,301.354454,364.054443,452.792565,251.917475,192.614676,128.736114,79.458550,127.451045,221.614240,257.321916,312.000104,379.585932,461.624540,266.308814,196.561865,155.069162,197.082359,196.667937,247.781623,314.758583,364.465715,425.833370,516.399351,321.960875,295.557867,235.705051,269.583217,257.009032,334.591826,347.511749,411.453232,456.187456,520.329331,375.385944,335.624404,324.692310,318.727965,343.180976,358.584338,422.995157,490.658822,539.924262,611.520692,439.841140,426.494164,409.034383,386.588884,424.124361,446.247710,483.759942,525.821052,569.986786,626.192921,519.470429,465.027802,488.116864,463.787051,482.182719,521.716230,557.584450,598.478626,628.975484,707.664269,557.582193,540.888717,557.228794,558.921932,584.126764,596.945319,597.835956,656.259248,692.499700,748.078363
24,343.613467,271.398761,232.331361,148.594468,150.119943,150.455754,206.870441,268.982608,341.685934,396.333503,294.573790,215.521717,136.646022,105.118055,96.182470,106.604241,195.655556,249.243425,342.214147,404.521123,308.579403,216.491696,132.895582,69.497679,0.000000,114.516619,146.397020,235.783671,298.218914,386.464862,304.906191,237.065365,163.046330,88.549723,76.951119,154.356968,187.835788,242.726501,310.399086,392.297073,303.146760,232.467031,165.991315,172.249013,145.808318,186.371757,247.536882,295.620167,356.375315,447.067204,350.900697,311.763101,241.245723,250.598641,217.348909,280.275731,288.212851,348.369491,388.169210,451.585874,399.687771,338.828301,322.017057,294.024699,304.963968,306.576612,369.278651,428.328061,475.176549,544.712012,448.769979,428.460719,397.525759,360.098396,385.157047,401.145060,428.117177,466.144027,506.309080,561.801528,524.590955,465.021168,475.456289,440.137199,444.407721,477.211993,506.950979,543.326627,568.971710,645.006484,558.990618,537.024675,538.338672,535.926879,549.287413,553.628910,549.442874,604.266136,636.690041,686.651524
25,444.803009,365.725478,318.489086,217.868344,174.339451,139.292840,151.538108,183.857301,239.069580,288.578178,403.939369,322.976332,241.120653,200.549050,152.594572,72.328421,99.337216,138.717888,232.729706,291.192018,422.623040,330.985658,247.169715,181.097577,114.516619,0.000000,32.013644,121.294707,183.706004,272.071247,416.647793,345.731296,269.566477,192.288796,126.607907,96.538006,89.067143,136.211482,202.035519,284.540465,405.499284,336.443419,257.358506,223.741882,156.305203,150.151103,171.846091,204.339348,255.130752,347.034785,445.724395,396.271096,319.646317,297.622865,233.932024,251.875364,243.345512,285.094377,300.041690,357.224016,488.912663,407.757565,384.753012,327.340929,312.448895,281.801248,334.806196,364.176604,400.539843,459.974194,519.918659,491.714543,443.769462,384.843587,384.570250,386.205961,385.027173,409.508818,435.008044,486.745186,588.847774,524.376617,516.487576,465.073451,442.902239,459.825138,473.952401,497.473837,508.525791,574.740992,617.506484,588.865772,567.328689,558.133268,549.414808,536.100223,520.492676,565.070293,586.885027,619.782924
26,475.299868,395.360751,347.093505,245.176581,195.523920,155.075403,151.992224,169.477940,214.681261,261.114535,435.608708,354.507185,272.527757,231.342565,180.258067,92.898902,84.401755,110.953699,204.636062,260.509840,454.626953,362.888530,278.860975,213.094345,146.397020,32.013644,0.000000,89.669359,151.859710,240.099346,447.406352,375.788167,299.409679,222.237129,151.695354,96.548519,67.665208,107.535767,171.802683,254.183860,433.860656,365.436454,284.341369,243.484952,170.488208,151.119665,156.131428,181.015321,227.203952,318.989442,472.110610,420.457778,343.151189,314.335327,245.054717,249.498253,235.968817,270.354662,276.409343,331.001072,513.742601,428.140143,403.870084,340.077109,318.721959,279.591147,328.378032,347.873814,380.469292,436.302347,540.060266,510.028101,458.154516,394.374190,387.206983,384.718151,375.118487,395.081996,415.726654,465.952442,606.863684,541.479109,528.879789,473.656415,444.477297,456.670509,466.073378,485.545348,492.095022,554.980585,633.883733,603.630528,576.139438,565.171411,550.420155,532.194175,513.396309,554.638829,573.185329,600.853914
27,556.372605,473.978501,423.030995,319.231714,257.307573,208.782090,171.637412,143.178099,147.371876,181.354652,521.421820,439.879553,357.730184,314.827002,256.952729,163.850557,88.525304,45.628865,124.513088,171.902827,543.365358,452.183454,368.452586,301.354454,235.783671,121.294707,89.669359,0.000000,62.709118,151.581300,536.777958,464.589553,388.095352,311.156818,236.411961,152.557979,89.714913,70.079706,105.954782,182.165470,520.557535,453.081906,369.720345,318.594294,239.623490,198.374966,160.143202,152.077731,170.838047,257.590152,555.771032,500.725048,422.862186,382.472120,304.710184,279.120026,253.650572,263.381383,236.688867,277.652357,594.662207,501.531402,475.122720,399.795235,365.188743,307.683628,342.720367,331.376795,349.683656,390.558437,612.109932,578.643690,519.181149,445.967757,422.895832,410.083756,377.517018,382.876236,386.638258,430.259630,674.158666,607.341049,584.691075,521.578130,476.039845,475.608118,471.620264,478.617364,470.769011,521.296936,697.520707,663.975594,623.174372,608.109096,578.499609,547.500528,520.135450,550.854718,559.097431,569.356259
28,617.491946,534.426599,482.715857,378.807528,313.596474,263.623332,215.629743,165.240925,129.684255,141.791314,583.848211,502.255396,420.131145,376.949635,317.715813,224.554278,139.109135,73.663077,91.018554,115.273303,606.038257,514.689652,430.698758,364.054443,298.218914,183.706004,151.859710,62.709118,0.000000,88.935934,597.846836,524.940639,448.421648,371.871466,294.520796,201.173853,136.402673,91.335476,78.890530,135.384649,578.767058,512.275641,427.319424,370.021098,289.444503,239.189370,181.177489,150.927963,141.543363,216.964132,611.386947,553.992335,476.175699,428.714369,347.418113,305.014452,273.577106,266.060946,216.110221,243.130252,648.043972,549.991251,522.346392,440.503197,398.348037,331.287400,355.945887,323.468876,330.349795,358.511751,658.965898,623.297572,559.183542,480.733392,447.794820,428.504964,381.339732,376.176168,367.391710,404.943590,717.332700,649.903596,620.563445,552.843008,497.138336,488.218814,475.116434,473.207466,455.184460,495.806174,737.993871,702.348302,652.731812,635.026145,595.656833,556.353858,523.518188,546.358847,547.172453,544.785778
29,705.493936,621.924879,569.629931,465.816047,398.278096,347.622719,292.435928,227.804231,157.201015,129.494341,672.747364,591.137866,509.028058,465.728257,405.704580,312.706672,223.175636,155.283840,111.593704,66.111853,694.652760,602.942389,518.554760,452.792565,386.464862,272.071247,240.099346,151.581300,88.935934,0.000000,683.849271,610.069244,533.678203,457.806285,377.970101,277.748243,215.104227,161.072507,108.614557,98.434667,660.990593,595.936764,509.343666,445.506415,364.559068,307.004957,234.120714,184.964274,138.345673,177.144096,690.184311,630.093286,552.818365,497.514945,413.665929,353.775721,317.171119,289.006965,211.592719,211.841901,723.842996,620.180344,591.255839,502.606409,452.352587,376.162075,386.906429,327.709177,317.210647,323.517809,726.372496,688.151596,618.786358,534.945576,490.427046,463.444216,398.814872,379.274173,352.369728,378.857884,779.628825,711.888687,674.255464,601.501725,533.766386,513.918060,488.837788,474.510148,442.217301,466.626281,796.639665,758.517317,697.886685,676.934421,625.222256,575.441125,535.819151,547.067377,537.142784,515.902527
30,260.577723,270.894396,293.608424,324.134280,390.075208,422.294987,493.703957,566.695862,645.425994,701.139797,181.055827,195.973658,235.148363,273.674553,338.866883,405.093495,499.604768,553.880590,647.102827,707.811713,111.379935,114.332106,175.361486,251.917475,304.906191,416.647793,447.406352,536.777958,597.846836,683.849271,0.000000,76.505466,150.838490,226.069897,307.908054,415.779979,471.658696,528.392401,594.491753,671.386925,86.444534,101.480511,188.575507,278.418652,343.690906,411.627763,496.097361,555.593362,625.473003,707.993614,144.779312,182.071428,201.337165,291.657661,347.905424,452.706079,483.693571,557.483961,632.253039,701.251387,198.330806,251.285289,266.099657,338.151028,400.807092,462.947717,523.386679,624.841896,685.156850,768.278190,303.256992,318.053644,353.805520,391.061871,465.734187,507.664950,584.864643,642.543531,706.295700,763.918856,382.494399,355.384750,419.902984,440.493765,509.006744,569.866212,627.960210,686.214451,739.715895,829.841060,428.412263,432.477275,501.102399,517.890290,585.588180,631.608807,654.312272,724.305146,776.830968,860.663568
31,282.064886,268.222708,276.448116,282.444950,339.925657,366.086695,434.604035,503.870394,578.742354,632.692724,200.605108,182.682751,194.184667,225.017208,284.636051,340.942927,432.719641,484.017691,577.779954,636.228755,150.947281,95.523696,117.005780,192.614676,237.065365,345.731296,375.788167,464.589553,524.940639,610.069244,76.505466,0.000000,76.522975,153.551810,232.818654,339.904963,396.799416,453.367710,519.046365,595.386873,77.839858,32.256416,112.482051,203.498731,267.202858,335.134079,419.598187,479.144939,549.126607,631.488154,141.289248,146.403453,138.678970,225.116467,274.373270,378.693333,408.631576,482.279528,555.908672,624.869090,198.643422,210.877906,217.960522,274.670872,332.988899,390.393168,452.124645,550.949975,610.633966,693.171081,287.739146,291.255054,310.007201,333.001369,402.362126,441.718016,514.227818,570.544830,632.646499,690.388248,369.960230,330.672759,382.761307,390.894315,449.490899,507.303122,562.293514,618.400747,669.098416,758.275673,413.795851,409.771383,462.416562,475.159500,533.141682,572.566743,591.359771,660.012508,710.252551,790.446015
32,298.036936,261.532574,254.112377,233.378981,280.086086,300.092547,365.460537,431.643207,504.063509,557.155013,222.408669,175.258131,153.036983,171.605488,222.254281,268.677383,358.224002,408.065387,501.947341,559.784575,196.196649,109.369950,65.818124,128.736114,163.046330,269.566477,299.409679,388.095352,448.421648,533.678203,150.838490,76.522975,0.000000,77.278715,157.070251,265.277612,320.868927,377.571611,443.672436,520.911653,140.629248,69.799700,56.441296,145.529328,197.542774,264.830893,347.934771,406.594088,475.812144,559.904270,193.392677,170.133195,123.874481,189.812229,218.693821,319.477936,345.746701,418.384758,486.614773,555.149763,246.697233,219.252481,215.286966,242.388424,289.657425,335.009991,399.012677,490.604716,548.263299,628.789732,316.405448,308.546746,306.272359,307.459759,365.641777,399.533483,461.818679,514.697894,572.531295,630.341487,397.654714,348.046429,384.087349,375.902985,418.175278,469.983651,518.955984,570.672786,615.612122,702.424817,438.095215,426.166277,459.472172,466.912947,510.813152,539.975156,552.333793,618.128873,664.107448,737.198484
33,324.075227,268.512964,245.184316,193.591604,222.933048,234.195373,294.797603,357.297127,427.462137,480.023301,258.959966,191.927812,135.727701,132.629767,164.215763,195.153800,281.906989,330.804100,424.710439,482.698882,252.387738,158.151260,75.529130,79.458550,88.549723,192.288796,222.237129,311.156818,371.871466,457.806285,226.069897,153.551810,77.278715,0.000000,85.812922,195.125490,246.798650,303.672375,370.600193,449.481712,215.442037,145.192224,80.227549,121.162887,141.622675,204.277751,282.973561,339.350613,406.727375,493.424039,262.377532,225.601921,159.558053,190.682468,187.262618,276.221800,295.891116,365.371502,424.310668,491.694139,311.737150,259.291724,246.537362,240.683440,270.475606,296.895964,362.033791,441.695451,495.791858,572.803426,366.362028,350.070946,329.713373,308.603795,350.914665,376.847913,424.304353,471.656359,522.965388,580.340656,444.484097,388.058282,408.776705,384.961319,407.909138,451.240080,491.898411,537.335551,574.410203,657.391286,481.266651,462.995301,477.818192,479.862475,508.080570,525.233325,529.875912,591.276656,631.569687,695.219538
34,399.154727,334.529911,301.242644,224.557752,224.394365,216.263024,259.782200,307.527672,365.377143,412.762849,339.766262,267.008619,196.955707,175.184697,172.774590,158.199076,224.928687,262.643866,356.145465,408.035977,337.888321,243.471906,158.965721,127.451045,76.951119,126.607907,151.695354,236.411961,294.520796,377.970101,307.908054,232.818654,157.070251,85.812922,0.000000,109.413594,163.987469,220.568514,286.626806,364.466163,284.335504,218.018358,133.321233,103.693124,70.237879,122.450763,197.734708,253.568017,321.002920,407.651119,320.456498,269.665422,193.162067,181.953307,140.598290,207.527368,220.318317,286.027978,339.536290,406.453261,362.453965,283.637878,262.592837,221.218198,228.138893,232.408338,296.262370,364.420582,415.683844,490.371973,395.679473,370.078708,330.287015,285.845768,308.219823,324.696113,356.555939,398.514277,444.565463,501.330066,467.228782,404.559893,406.684407,366.435712,367.495592,400.728227,432.405151,471.462477,501.681574,581.310860,498.459877,473.051282,466.081436,462.046111,472.543572,477.004057,474.041832,530.467266,565.361031,621.119450
35,497.281278,425.678002,384.923869,292.466827,263.465923,234.025297,246.119682,264.590939,297.246858,333.765347,443.763014,367.326473,290.608510,258.607031,229.267221,166.014370,180.396267,190.599725,277.041568,316.416630,446.509165,352.024237,266.727215,221.614240,154.356968,96.538006,96.548519,152.557979,201.173853,277.748243,415.779979,339.904963,265.277612,195.125490,109.413594,0.000000,64.837231,116.815484,179.789556,255.640274,384.807100,322.259011,233.730690,168.929311,88.280595,54.694458,93.232932,145.030163,211.604901,298.960318,412.444208,353.260933,275.616111,229.925362,153.376951,155.400268,148.168400,197.826999,234.669101,299.776442,447.260232,349.646578,322.785037,248.940276,222.614289,185.382698,238.734764,278.128760,321.771925,390.365946,459.752222,426.098005,368.170745,299.758499,290.778191,290.062048,290.756196,319.974977,353.897017,408.552618,521.757011,455.116762,436.242604,378.246458,348.339588,363.352997,378.218503,404.514811,421.287001,493.362829,545.904580,513.473636,480.704135,469.018623,454.533289,439.574145,424.406552,470.679463,495.506421,536.394750
