node_id,0,1,2,3,4,5,6,7,8,9,10,11,12,13,14,15,16,17,18,19,20,21,22,23,24,25,26,27,28,29,30,31,32,33,34,35,36,37,38,39,40,41,42,43,44,45,46,47,48,49,50,51,52,53,54,55,56,57,58,59,60,61,62,63,64,65,66,67,68,69,70,71,72,73,74,75,76,77,78,79,80,81,82,83,84,85,86,87,88,89,90,91,92,93,94,95,96,97,98,99
0,0.000000,74.474338,120.511001,208.010006,297.367078,367.741216,412.278833,529.515538,601.521856,686.204354,64.132143,130.109710,189.366146,242.843812,325.189355,398.468146,441.204472,530.820981,615.626682,672.329476,139.953841,170.519878,184.626245,274.774502,345.346394,412.544834,447.387324,557.561179,634.201003,707.830094,233.947831,264.730106,263.919535,338.663074,398.570772,449.356402,523.359594,594.647095,635.906303,737.539540,273.254118,327.536894,324.911801,362.951275,439.694976,488.688231,537.819655,625.882579,688.599029,762.212212,358.380926,406.078989,411.756873,456.841845,480.142143,561.504697,597.273293,632.209270,731.462514,779.114688,464.186820,477.606628,502.593558,486.647083,568.728300,616.184864,640.723197,702.243277,797.211047,822.562055,501.806038,555.096518,566.627604,555.148626,617.246377,658.571343,690.834406,785.386551,837.219325,876.966898,579.895749,613.804208,629.409937,644.017116,679.423676,704.267590,752.597976,827.401070,871.419370,930.740575,668.344294,685.390953,708.346379,709.782768,781.159174,788.004365,833.060062,883.753248,963.370763,974.871539
1,74.474338,0.000000,51.722348,142.015094,228.453507,298.494329,341.385250,457.726678,531.808684,615.864390,111.790116,117.009418,147.936604,187.884143,265.101095,334.223765,378.367756,466.256692,548.134204,605.450364,169.592095,184.129655,163.360115,231.584812,292.821305,357.536589,388.820669,498.318068,570.870681,645.148896,265.237873,266.983925,245.089669,312.715269,356.780996,404.810680,471.186342,539.407094,579.217586,677.847102,295.657946,337.859044,319.659570,342.535507,404.344912,451.278487,494.427238,575.341716,634.893518,708.818849,384.339759,417.396546,405.618576,440.773191,458.348313,529.105362,560.787394,588.288009,685.835855,729.609348,486.355167,489.374822,500.890438,476.838962,546.825006,586.610003,609.075261,663.926124,754.523167,775.468223,524.925076,564.839326,568.567484,549.086190,602.785047,636.712452,661.649886,751.098260,798.019825,834.769186,603.495311,623.529176,632.492528,640.020862,664.084749,684.799862,726.458055,798.767384,837.840821,893.495077,686.425951,696.256250,714.129934,709.087530,770.925006,771.970938,810.352953,855.305376,931.805092,940.224886
2,120.511001,51.722348,0.000000,90.310708,177.651769,247.925656,291.859804,409.004553,481.587736,566.020779,139.430825,103.806240,107.880014,138.418996,213.685911,282.526725,326.645989,414.615091,497.041264,554.213030,177.754525,179.797290,136.435407,186.795770,243.225483,306.952571,337.458360,446.789664,519.166759,593.430651,267.807384,249.254572,214.367568,275.619520,310.923200,357.479551,421.079018,488.483142,527.999500,626.225939,290.643411,323.094607,295.093662,308.056027,361.042351,406.686020,447.147785,525.503434,584.206956,658.146209,379.320635,401.521265,378.633087,407.335495,421.509766,486.367230,516.068877,540.538892,637.319345,679.873894,476.882376,472.703936,475.368853,446.651244,509.221762,544.926337,566.325539,618.126002,706.901680,726.380516,515.644508,545.986155,544.655645,520.426263,568.863940,598.631591,619.849699,706.758855,751.610330,787.212375,593.770336,604.162003,608.793269,611.921274,629.338052,647.746422,685.889904,756.823157,793.627076,847.699726,672.214900,677.134610,691.619525,682.575342,738.534631,736.394512,771.215203,813.319718,888.293334,895.405173
3,208.010006,142.015094,90.310708,0.000000,90.309070,160.406387,206.721515,324.881974,393.971451,479.019138,212.140421,138.318074,83.983455,64.016155,125.225681,192.216081,236.426108,324.344056,407.675202,464.556773,224.457447,208.498029,134.555652,125.041665,161.369208,220.905490,248.714137,357.354669,428.857451,503.141069,297.517866,245.805014,187.725669,227.865836,238.709485,280.299062,335.810741,400.786612,439.435089,536.422817,306.434545,319.483044,274.151262,264.611452,294.251123,335.778314,369.074346,440.581134,497.003042,570.892313,390.234380,392.017515,348.205833,362.194439,368.471353,418.742625,443.540193,460.692773,555.284304,594.871600,476.591937,459.345379,444.803227,407.315421,452.761342,479.014965,497.828487,542.411971,626.724695,642.814725,514.696334,526.746490,515.716431,482.525026,519.336677,539.982948,552.999444,633.850356,674.002036,706.978428,590.402193,582.869723,579.142975,573.598099,577.337575,590.767900,621.203435,688.807228,720.633652,771.155390,659.468720,655.219116,663.109510,646.459168,690.250575,681.703899,708.985682,744.956730,816.467712,820.812571
4,297.367078,228.453507,177.651769,90.309070,0.000000,70.374392,116.565118,234.775517,304.155200,388.961922,301.898888,222.219408,154.217432,95.351614,74.472154,112.385979,158.078111,240.675956,319.742106,377.224914,307.376017,284.874297,203.965264,142.824763,127.297067,164.878505,180.155568,282.512836,346.171019,420.875232,370.000236,300.339561,230.248588,242.303619,214.712429,242.586080,275.969966,332.094298,367.199620,458.109270,370.315957,368.874563,311.976931,280.076649,274.701592,306.514924,324.812820,379.072253,428.532566,501.591154,447.488096,433.074132,371.661734,368.403910,364.357808,391.220426,407.067673,410.157864,498.612420,531.165960,522.593566,494.534907,463.654006,418.092210,440.425629,452.227926,466.516899,498.075610,572.931971,581.936089,559.192350,554.477339,534.000784,492.092501,513.997868,522.130685,522.984166,592.869457,624.475326,652.294982,631.244207,607.273933,595.100921,580.219103,567.446863,574.070018,593.144438,654.800609,678.466174,722.590904,690.650421,677.611016,678.620544,654.063017,682.924022,666.424367,683.136547,709.761653,775.265324,775.132871
5,367.741216,298.494329,247.925656,160.406387,70.374392,0.000000,49.469594,166.337797,233.780826,318.641568,371.006331,288.060765,216.426643,152.302739,87.990269,62.828254,103.669654,175.677138,250.271010,308.066177,371.674065,345.577965,263.272385,182.464810,133.217210,138.845715,136.745297,225.994719,280.956058,355.563299,426.993991,347.772561,273.931924,267.285399,213.037215,225.749265,235.218201,280.481335,311.468378,395.928899,421.793834,410.964872,348.393401,303.028168,271.218131,292.694914,296.676342,333.150316,375.331745,446.821008,493.223668,467.929733,395.890683,380.110130,368.305675,375.093672,382.792231,373.460033,454.825287,480.915069,559.300833,523.959358,481.811307,431.482497,435.196144,434.872063,445.029329,464.908694,530.652415,533.590218,594.302344,577.396819,550.236066,502.606676,512.491370,510.479400,501.378068,561.066404,585.206721,608.493151,662.804626,626.915711,608.547970,586.765771,561.310418,562.390274,571.970580,627.971786,644.721565,683.241045,714.373787,694.842867,690.602670,660.279385,677.135508,654.542978,662.593365,681.390658,741.483058,737.738050
6,412.278833,341.385250,291.859804,206.721515,116.565118,49.469594,0.000000,118.210614,191.191668,274.524640,418.454458,336.981060,265.790727,201.772324,133.846997,81.537919,104.972506,151.875141,213.280274,271.479274,420.933819,395.047559,312.736992,229.874043,172.976757,161.575507,145.476248,213.232123,253.459067,326.833525,476.240167,395.584760,321.274196,309.254336,245.043680,248.547761,239.204873,271.741950,297.112178,371.710345,470.241270,457.227664,393.302793,343.714958,300.295877,315.077458,308.987346,329.060913,362.753552,431.523636,540.240875,511.682385,436.079930,414.930155,399.391841,394.164013,396.034803,377.034856,450.791034,470.195407,603.375033,565.448970,518.720162,466.561204,460.238893,452.191020,459.333958,470.046467,527.216374,524.329002,637.707139,615.924081,585.814004,535.670043,538.931519,530.717633,514.934172,566.319932,584.008776,603.039240,704.671414,663.737867,642.446305,617.184554,584.586211,582.155588,585.182939,636.593339,647.778114,681.327816,752.769197,730.251211,723.386048,690.122659,699.886677,673.539748,675.616798,688.491557,743.962051,737.223262
7,529.515538,457.726678,409.004553,324.881974,234.775517,166.337797,118.210614,0.000000,87.174177,161.732164,536.661998,454.334983,382.044568,317.123100,241.368908,168.471261,157.075427,124.682965,125.545849,178.812914,537.459371,509.756674,427.330101,337.003468,267.703778,229.920800,193.796428,196.251200,189.026487,251.802498,588.082705,501.583133,426.601619,401.223968,319.497204,304.385651,256.742007,254.561375,262.637990,305.598692,578.096183,557.673260,490.679487,431.641516,364.733578,364.168936,336.529023,316.735412,326.749349,384.575710,642.425629,604.240822,520.479871,486.936413,463.283801,430.942007,419.361335,379.084133,430.346122,432.657569,695.926474,651.138619,593.260084,537.746008,507.888975,482.164557,481.964357,470.612786,505.003138,488.212680,728.014756,693.083142,655.812569,600.347972,587.495490,564.726701,533.634765,563.577959,565.319938,573.643215,790.014072,735.822117,707.297199,673.734687,624.403970,613.600668,600.876451,639.973223,637.575724,658.506988,828.089750,797.857250,784.283227,744.032545,736.082523,701.073314,688.680905,687.059696,730.391126,716.634614
8,601.521856,531.808684,481.587736,393.971451,304.155200,233.780826,191.191668,87.174177,0.000000,85.710396,602.667088,515.422625,441.032766,375.671282,293.455922,214.909737,185.778947,109.717798,46.652820,92.445279,595.178352,563.563352,482.103840,383.646134,306.477680,253.112258,209.903672,163.247597,118.894844,170.345550,635.796326,542.295697,468.224324,429.823009,337.683659,309.497566,239.066316,211.346458,205.897439,226.670032,619.976168,590.693540,521.790088,455.287149,371.813473,359.382966,317.688397,270.819255,264.220962,313.184068,676.139170,627.887235,538.031298,494.528238,465.000578,413.046070,392.173320,339.001797,373.021064,365.107032,718.105097,667.097374,600.086458,543.061911,495.101194,457.067859,451.581738,425.422962,444.445263,420.135998,747.428039,700.334708,657.375227,598.561560,573.081312,539.940116,498.776920,513.609996,505.550695,507.669725,803.659252,737.858290,703.548639,663.746572,602.455728,585.732488,562.221894,592.371526,581.571307,594.924642,831.812893,795.125641,776.069193,730.731779,709.372328,668.691412,646.571664,635.646102,671.145867,653.594590
9,686.204354,615.864390,566.020779,479.019138,388.961922,318.641568,274.524640,161.732164,85.710396,0.000000,688.246384,601.129529,526.711318,461.364249,378.938866,300.292200,269.197447,185.873979,93.203161,78.685819,680.712859,648.731039,567.475169,468.164136,390.008485,333.516490,289.413152,221.679138,145.250087,157.924263,719.833359,624.907368,551.363421,509.384265,414.604824,381.352868,301.202716,255.520265,235.666715,214.411449,702.651758,670.740844,601.537931,532.774711,443.114742,424.492801,375.044236,307.216686,280.328994,311.129662,756.082786,704.073894,612.117485,564.084852,531.707026,467.945967,440.358310,377.503983,390.151422,367.294909,793.160961,739.435731,668.056130,610.768409,551.926859,505.196758,495.299309,455.280843,454.540078,419.347913,821.032876,767.727548,721.695550,661.355372,627.463257,586.613108,537.227526,535.625606,515.116579,507.914335,874.025975,801.834390,764.036166,720.268671,650.501639,628.970107,595.641004,615.579139,594.656357,597.135122,896.251876,855.601931,832.867461,784.153440,752.001852,706.610863,675.010171,653.627743,678.441250,655.696604
10,64.132143,111.790116,139.430825,212.140421,301.898888,371.006331,418.454458,536.661998,602.667088,688.246384,0.000000,95.310837,168.003891,230.279990,314.910554,392.138179,431.902491,522.898493,612.009631,667.122116,76.764530,111.795288,146.841640,248.275578,325.354023,393.599354,432.099003,541.593924,623.305079,695.395515,169.818773,207.562920,218.641695,295.641950,366.558196,418.840921,499.371912,573.310999,615.924200,720.661036,209.762300,266.374033,269.918121,315.650165,401.473044,451.362222,504.975364,599.055552,664.697444,737.477182,294.315734,344.108303,355.925679,405.509986,431.878618,519.484467,558.015321,598.904872,699.006805,750.146093,400.264553,415.248536,444.189512,431.812911,519.699852,571.704673,597.511078,663.654591,761.739678,790.989667,437.788211,492.981726,506.648354,498.188739,563.813589,608.925649,645.599592,743.245947,798.630307,840.708178,515.819873,551.564597,568.875336,585.847427,626.127180,653.035623,705.069271,781.156026,828.400339,890.243883,604.641435,622.793090,646.881524,650.239791,725.099883,734.642129,783.147188,837.184657,918.631830,932.280473
11,130.109710,117.009418,103.806240,138.318074,222.219408,288.060765,336.981060,454.334983,515.422625,601.129529,95.310837,0.000000,75.001104,139.861303,223.777845,302.126502,340.014668,431.110405,521.917036,576.026285,86.143492,76.801481,54.602720,152.964803,230.535523,298.766926,337.999200,447.053297,530.014218,601.495644,166.395977,150.121282,134.534916,208.562321,272.472169,324.409097,404.073098,478.031228,520.714810,625.761221,186.852034,222.057405,203.354692,233.706110,310.513587,359.918365,411.430258,504.048942,569.428194,642.281999,275.518029,301.343036,289.871553,329.422324,350.893476,431.532582,467.942027,505.644874,605.502431,655.629199,373.858954,373.155487,384.386512,362.547630,439.612224,486.077984,510.652295,573.208506,669.575534,697.231985,412.607352,448.132012,451.683417,433.675712,490.932272,529.587444,560.749493,655.476546,708.257040,748.989895,490.931463,506.758174,515.559148,524.191150,552.804561,576.056064,622.820530,697.379735,741.408020,801.220329,571.337413,579.559280,597.121158,592.641145,657.323469,661.213711,704.016227,753.760706,833.261559,844.931877
12,189.366146,147.936604,107.880014,83.983455,154.217432,216.426643,265.790727,382.044568,441.032766,526.711318,168.003891,75.001104,0.000000,65.431634,148.804628,227.257644,265.051832,356.152800,446.952818,501.029561,155.418041,130.662246,51.325019,85.688200,157.984337,226.100599,264.098625,373.703431,455.522911,527.413555,217.006905,162.358950,110.885563,167.747187,210.629532,260.484662,334.599159,407.090458,449.157525,553.044470,222.874844,236.554764,195.989687,200.667519,256.468210,303.789550,349.504580,436.609372,500.052940,573.457756,306.250942,310.811153,275.556460,300.052338,313.631400,381.171183,413.243053,443.822110,542.620295,589.748651,393.691534,379.612837,372.748618,340.786388,401.420764,438.845162,461.145285,516.949379,609.487848,633.436025,431.998440,449.446394,443.012708,415.230402,461.258799,490.936303,513.873775,603.327530,651.445240,689.529682,508.338901,506.609548,507.013190,506.815870,521.557765,539.908187,579.136772,650.979672,690.020470,746.366283,580.105570,579.409013,590.549334,578.349159,631.236427,628.524259,663.852185,707.515092,783.876110,792.569912
13,242.843812,187.884143,138.418996,64.016155,95.351614,152.302739,201.772324,317.123100,375.671282,461.364249,230.279990,139.861303,65.431634,0.000000,84.630940,162.404961,201.649096,292.618774,382.347158,436.985786,220.590438,193.275303,111.016866,62.060166,104.955213,170.333015,204.627599,314.812367,393.642654,466.446863,275.897900,205.606583,137.964027,166.460634,176.105772,220.105503,283.345541,352.584039,393.322606,494.769972,274.967867,275.678113,222.692433,203.917311,230.597547,273.086998,309.601506,387.461382,447.505985,521.377177,352.756762,343.192760,290.809696,300.074351,304.909176,355.437336,381.558003,402.519326,498.938476,541.753500,431.089222,407.641055,386.329661,346.392873,388.805776,415.491745,434.792735,481.850225,568.879948,587.981749,468.351867,471.859511,457.314938,421.587936,455.942923,475.967615,489.690974,572.197199,614.518320,649.202708,542.084169,526.811020,520.191584,512.224352,513.606880,526.760140,557.609820,625.815108,659.067218,711.147112,606.406775,598.572825,604.201431,585.439508,626.832714,617.747921,645.166963,682.069447,754.550795,759.921714
14,325.189355,265.101095,213.685911,125.225681,74.472154,87.990269,133.846997,241.368908,293.455922,378.938866,314.910554,223.777845,148.804628,84.630940,0.000000,78.717281,117.066430,207.989660,298.148212,352.439463,301.781533,270.549415,188.718629,96.439094,53.321554,97.105179,123.780535,233.287987,309.504653,382.754665,346.766716,262.162950,187.582383,180.331952,140.581086,168.876973,211.827186,275.561019,314.425004,413.055594,337.631749,323.493106,260.421129,216.837763,200.623281,232.145369,253.254923,316.503576,371.810634,445.684222,406.397365,379.989951,309.702533,299.216169,292.254450,316.880856,333.884904,341.389192,433.221568,470.495006,471.318076,436.754920,398.082335,349.875604,366.511805,377.912532,392.649394,427.196817,506.137575,519.308564,506.398374,492.024727,467.526344,422.779241,440.871170,447.705478,449.043377,521.176609,555.799490,586.085503,575.343930,542.844433,527.325582,509.523790,493.558476,499.661486,519.069470,581.614130,607.245481,653.660399,628.901519,611.899644,610.281591,583.358474,609.181522,592.033910,608.930280,636.859645,703.879156,705.173775
15,398.468146,334.223765,282.526725,192.216081,112.385979,62.828254,81.537919,168.471261,214.909737,300.292200,392.138179,302.126502,227.257644,162.404961,78.717281,0.000000,45.692444,132.370534,219.971706,275.101562,380.473934,348.705945,267.203392,170.337446,99.513862,80.475933,74.008097,170.201765,236.651322,311.021593,422.749235,333.505172,258.553621,234.886391,164.013553,167.917923,172.569377,221.383070,255.148612,346.216627,410.409697,389.373266,322.866288,267.412454,218.759141,234.791953,234.526416,271.829005,317.362847,389.957557,473.997873,438.347707,358.706025,334.273848,317.922296,315.503860,321.025329,310.676628,393.132156,421.512788,530.206009,488.934775,438.784190,385.910942,379.347014,374.580409,383.652210,402.084376,468.699258,473.428563,563.402363,536.775843,505.206206,454.400865,457.773201,451.659309,439.835041,498.254975,522.783459,546.948362,628.265341,583.580685,561.296683,535.646852,504.326221,503.368494,510.385423,565.462694,581.903693,620.875481,673.380261,649.481953,642.003737,608.596021,619.880919,595.202970,601.009167,618.719333,678.674577,675.156446
16,441.204472,378.367756,326.645989,236.426108,158.078111,103.669654,104.972506,157.075427,185.778947,269.197447,431.902491,340.014668,265.051832,201.649096,117.066430,45.692444,0.000000,91.101830,183.492476,236.147873,415.365642,381.266111,301.347206,199.492842,120.839395,72.861431,41.791376,124.591863,193.002525,266.905472,450.643546,356.531298,282.471291,247.079169,162.423933,151.712186,134.837199,177.029419,209.717946,300.805659,434.200130,406.572510,338.231508,275.717148,209.615160,215.979803,204.350448,229.722107,272.490613,344.740975,491.941445,448.790232,363.578412,330.671675,309.094416,291.741772,291.380973,273.230161,351.560769,377.446849,540.193113,494.202555,436.811716,381.815941,361.810148,348.641178,354.801147,365.865540,427.595587,429.947228,571.655397,536.388051,500.489951,446.515489,441.285413,428.333586,410.192657,462.197021,482.897759,505.069278,632.981615,580.129201,553.717829,523.567802,483.983326,479.373348,480.348377,531.786279,544.502311,580.745912,671.829718,643.528448,632.440016,595.400362,598.579998,570.221242,570.729388,583.968137,640.994360,635.800082
17,530.820981,466.256692,414.615091,324.344056,240.675956,175.677138,151.875141,124.682965,109.717798,185.873979,522.898493,431.110405,356.152800,292.618774,207.989660,132.370534,91.101830,0.000000,95.158096,145.288802,505.891890,470.997970,391.825763,288.712156,208.444167,148.177765,103.834058,72.373193,105.553704,180.273540,537.593625,440.512287,367.875810,323.520112,229.189550,199.799475,135.198058,132.203899,148.609804,220.883269,518.203793,484.894587,415.673679,347.246149,262.117047,251.420393,215.373673,194.062950,214.712527,280.903380,570.218264,519.233228,428.625089,384.923752,356.027138,310.818067,295.920877,254.603074,311.527012,322.614167,609.045447,557.452026,490.647627,433.721658,390.686971,359.528928,358.023715,346.615110,387.443473,377.655064,637.992555,590.935884,548.788896,490.626328,469.667381,442.428005,409.144778,440.436545,446.689060,459.802314,693.942773,629.278744,596.332548,558.610142,503.247808,490.506781,476.202550,516.056336,516.449299,541.940142,723.009427,687.745674,670.442715,627.138052,613.508346,577.106733,564.042379,564.011595,610.575851,599.335064
18,615.626682,548.134204,497.041264,407.675202,319.742106,250.271010,213.280274,125.545849,46.652820,93.203161,612.009631,521.917036,446.952818,382.347158,298.148212,219.971706,183.492476,95.158096,0.000000,58.201771,598.684306,564.741194,484.734739,382.756883,303.003189,243.271774,198.881067,130.191865,72.524199,126.478654,632.561414,535.666055,462.985709,417.872596,322.156614,288.154730,209.222064,171.323748,161.411377,181.553570,613.350872,579.266273,509.976696,440.319559,349.918950,332.126238,285.034484,228.661418,218.092147,266.619358,664.467580,611.163587,518.965566,471.063567,439.131516,379.310509,355.056870,297.930587,327.371122,318.458603,700.059455,646.241811,575.329378,518.057884,462.626608,420.128952,412.803493,382.254415,398.214733,373.484357,727.835508,675.161324,629.872033,569.947811,539.398821,502.566117,458.247900,469.016970,459.348934,461.030571,780.998294,710.163128,673.520321,631.338664,565.780769,547.072530,520.307040,548.125442,535.787959,548.358427,804.490828,765.155883,743.918416,696.746684,670.664449,628.298750,603.514190,590.563591,624.893199,607.043661
19,672.329476,605.450364,554.213030,464.556773,377.224914,308.066177,271.479274,178.812914,92.445279,78.685819,667.122116,576.026285,501.029561,436.985786,352.439463,275.101562,236.147873,145.288802,58.201771,0.000000,651.176384,616.067008,537.109837,433.724375,353.150266,290.189498,246.047970,158.515011,71.055691,84.270766,680.958878,582.041695,510.728719,460.816766,363.089369,323.950200,236.971152,182.293098,158.352861,142.133047,659.408075,621.609748,552.362939,480.395704,383.966750,359.873614,305.802387,230.429804,201.718190,236.095609,706.237901,648.402788,554.324217,501.800240,467.161489,396.253392,365.950480,300.623266,311.698754,291.382507,735.530784,678.858539,603.627958,546.459131,480.624577,430.363099,419.120684,376.805799,377.171632,344.572883,761.519116,702.350356,654.144017,593.016002,554.586268,510.957393,459.700360,457.017637,437.997044,433.145084,810.913588,733.747459,693.838060,648.071900,575.088117,552.248986,517.311577,536.955655,517.044524,522.002130,828.216577,785.138346,760.500780,710.380486,674.923322,628.722778,596.341637,575.416893,602.109188,580.710020
20,139.953841,169.592095,177.754525,224.457447,307.376017,371.674065,420.933819,537.459371,595.178352,680.712859,76.764530,86.143492,155.418041,220.590438,301.781533,380.473934,415.365642,505.891890,598.684306,651.176384,0.000000,43.782994,114.066564,218.679928,299.504341,366.385996,408.249978,514.560598,601.122631,670.535324,96.399125,136.260723,164.463695,240.887290,323.783926,376.544629,463.401417,539.347499,583.012252,690.301030,133.301477,190.229716,200.142633,254.683294,350.008170,400.068852,458.237745,558.235646,626.616896,697.784817,219.259971,267.471802,284.230395,338.298018,367.883218,461.761946,503.097716,550.484907,650.708758,705.476615,324.499086,338.504227,369.702045,360.668519,454.123760,510.759539,537.793431,608.651672,709.629032,743.097537,362.339683,416.272084,430.914573,424.791078,493.487750,542.225604,583.381776,683.891269,742.885851,787.333677,440.641928,474.827365,492.772510,511.298554,555.739437,584.569660,640.171658,717.321993,767.775743,832.087017,528.414842,546.028799,570.335193,574.671601,652.053652,663.943003,715.617937,772.855249,855.958031,871.790478
21,170.519878,184.129655,179.797290,208.498029,284.874297,345.577965,395.047559,509.756674,563.563352,648.731039,111.795288,76.801481,130.662246,193.275303,270.549415,348.705945,381.266111,470.997970,564.741194,616.067008,43.782994,0.000000,82.436788,182.346326,263.093660,328.771196,371.483508,476.176032,564.003097,632.366772,90.075680,95.812637,121.284008,197.292227,281.915652,334.567840,422.640180,498.890065,542.727231,650.489269,111.927408,157.562568,158.759706,210.992450,306.559849,356.579542,415.254832,516.151328,585.005690,655.753529,200.859831,236.766061,244.262463,295.981244,324.722455,417.995199,459.331716,507.182690,607.361803,662.572234,302.245509,308.697961,332.682470,320.342593,411.401476,467.220237,494.147332,564.874819,665.943724,699.756200,340.797674,385.645023,396.123284,386.401653,452.711924,499.886647,540.032889,640.247385,699.103688,743.583287,419.370908,444.447127,458.903374,474.298896,515.022455,542.907084,597.364330,674.299758,724.265387,788.382129,503.305445,516.533396,538.150742,539.388742,613.313097,623.439273,673.628307,729.953037,812.748928,828.281075
22,184.626245,163.360115,136.435407,134.555652,203.965264,263.272385,312.736992,427.330101,482.103840,567.475169,146.841640,54.602720,51.325019,111.016866,188.718629,267.203392,301.347206,391.825763,484.734739,537.109837,114.066564,82.436788,0.000000,105.490190,185.922698,253.385588,294.631678,401.895134,487.507735,557.518239,166.179099,115.666857,82.021876,154.207352,219.742675,272.124311,354.516194,429.511148,472.730072,579.051995,171.880155,190.387456,158.750012,180.674009,256.099013,305.640821,358.179386,452.827604,519.334499,591.679300,256.384411,267.132953,243.244474,277.869902,297.598650,376.936416,413.438825,452.203149,552.240880,603.398338,346.871564,337.545241,339.499215,313.535083,386.347100,431.645288,456.097480,518.777705,615.608596,644.173550,385.445843,409.911563,408.417540,386.175920,439.813080,476.369382,506.384103,600.875004,653.832429,694.879443,462.630102,467.929187,472.545422,477.372640,501.359512,523.418963,568.850192,643.116360,686.823410,746.654960,537.719634,540.903672,555.235156,547.237891,607.584875,609.521836,650.668020,699.532711,778.778279,790.333376
23,274.774502,231.584812,186.795770,125.041665,142.824763,182.464810,229.874043,337.003468,383.646134,468.164136,248.275578,152.964803,85.688200,62.060166,96.439094,170.337446,199.492842,288.712156,382.756883,433.724375,218.679928,182.346326,105.490190,0.000000,80.896554,147.913682,189.596813,296.405053,382.448527,452.086501,252.480076,165.765245,91.479135,104.718590,125.311818,174.796844,251.140584,325.163766,368.038694,473.830680,241.297852,229.026376,169.404135,142.433128,174.391692,220.012728,263.879837,351.888875,416.560390,489.581645,310.762952,290.443970,231.168495,238.019929,243.459901,299.793773,329.486480,358.164659,456.938260,504.523598,380.495731,351.859114,325.671992,284.592555,328.355984,358.863159,379.689120,432.341312,523.942062,547.827155,416.741396,413.369615,396.590100,359.745904,394.296671,416.332695,433.611718,520.076435,566.515105,604.040611,488.428062,467.407339,459.115025,450.249463,452.405892,466.700019,500.450112,570.408221,606.920718,661.914069,548.910673,538.703440,543.091306,523.534436,565.210212,557.214019,586.997041,626.860196,701.498344,708.934723
24,345.346394,292.821305,243.225483,161.369208,127.297067,133.217210,172.976757,267.703778,306.477680,390.008485,325.354023,230.535523,157.984337,104.955213,53.321554,99.513862,120.839395,208.444167,303.003189,353.150266,299.504341,263.093660,185.922698,80.896554,0.000000,68.248194,108.749690,216.605708,301.635191,371.736678,329.908726,236.238874,161.804845,136.485090,87.416585,120.206867,178.605718,249.408625,291.210385,395.307318,313.755197,289.971043,223.366934,170.784596,147.425465,180.783697,207.967231,282.523225,343.375475,417.120645,374.778353,339.627124,263.357613,247.805806,239.286170,265.469560,285.167017,299.342338,394.609149,436.798878,431.469468,392.475496,348.636487,298.904277,313.251959,326.512967,342.405659,381.739899,465.466799,483.196499,465.232523,444.293343,417.316266,371.013419,387.571544,394.979982,398.557060,474.295320,512.714129,545.752428,531.696249,493.721540,476.257632,456.993077,440.296000,446.879055,468.211472,532.387017,560.837968,610.014436,581.268042,561.892476,558.823263,530.786587,555.887083,539.200177,557.697054,588.028477,657.109450,660.198984
25,412.544834,357.536589,306.952571,220.905490,164.878505,138.845715,161.575507,229.920800,253.112258,333.516490,393.599354,298.766926,226.100599,170.333015,97.105179,80.475933,72.861431,148.177765,243.271774,290.189498,366.385996,328.771196,253.385588,147.913682,68.248194,0.000000,44.412092,148.567391,235.262462,304.190273,390.780046,292.483323,220.545250,176.731779,89.633331,87.535684,114.952120,182.261997,223.419273,327.061916,370.122383,337.650557,268.681994,203.643240,139.771525,154.510814,160.854977,219.725636,277.359163,351.282269,423.086833,376.800853,290.760540,258.841156,239.439929,236.261329,245.390733,245.460345,336.162282,373.968722,467.969393,421.363645,364.683027,310.233425,298.874635,296.065987,306.895421,333.332360,409.380733,422.317250,499.077440,463.986666,429.270338,376.611238,377.384984,371.902112,363.382144,428.468661,459.901754,489.203511,560.120206,508.539374,483.770264,456.227994,423.942329,423.743245,433.962851,492.260023,513.771752,557.948195,599.751638,572.905454,563.598492,528.895382,539.567584,515.804451,524.523332,546.597042,610.611669,610.269052
26,447.387324,388.820669,337.458360,248.714137,180.155568,136.745297,145.476248,193.796428,209.903672,289.413152,432.099003,337.999200,264.098625,204.627599,123.780535,74.008097,41.791376,103.834058,198.881067,246.047970,408.249978,371.483508,294.631678,189.596813,108.749690,44.412092,0.000000,110.185600,192.887556,263.505179,434.937836,336.894002,264.801476,220.189278,128.679642,111.299527,98.575993,152.861773,190.721574,290.155648,414.534192,381.419883,312.302007,245.529290,170.942404,174.529625,163.557175,199.283769,249.440144,323.050432,466.815633,418.432184,330.305746,293.291853,269.780366,249.983048,250.589829,236.717579,319.913067,351.033228,509.128673,460.475941,399.668715,343.973987,320.296111,307.116250,313.858597,328.405480,395.172033,401.880170,539.406790,499.667184,462.051644,407.078798,399.844765,386.590774,369.516871,424.661767,448.870612,473.782985,598.561808,542.027197,514.196415,482.860033,442.206379,437.688160,439.838298,492.820770,508.019522,546.990795,634.358143,604.427628,592.255957,554.402583,556.789662,528.657740,530.339331,545.622081,604.758146,601.164079
27,557.561179,498.318068,446.789664,357.354669,282.512836,225.994719,213.232123,196.251200,163.247597,221.679138,541.593924,447.053297,373.703431,314.812367,233.287987,170.201765,124.591863,72.373193,130.191865,158.515011,514.560598,476.176032,401.895134,296.405053,216.605708,148.567391,110.185600,0.000000,92.446470,156.216673,533.390050,431.661578,363.552798,306.902174,208.197052,165.956660,79.582057,60.363661,85.477308,179.979028,508.023071,466.153070,397.238460,323.781875,225.466459,202.997912,155.148153,121.794978,149.963601,220.826483,550.081591,490.170364,395.845015,343.867796,310.350662,250.084225,229.475120,182.933102,240.607553,257.020065,577.025402,520.567440,446.840052,389.559242,332.834451,294.155055,290.060796,274.436780,316.877410,311.108689,603.086350,546.262091,500.048348,439.887856,410.229801,377.131507,339.518682,368.067137,375.497000,390.873622,653.513099,580.243808,543.330604,501.593217,439.342411,423.734727,405.546102,443.855568,444.338268,471.469583,674.632139,634.967433,614.112307,567.813294,547.247328,508.559014,492.703342,491.641406,538.790349,528.471853
28,634.201003,570.870681,519.166759,428.857451,346.171019,280.956058,253.459067,189.026487,118.894844,145.250087,623.305079,530.014218,455.522911,393.642654,309.504653,236.651322,193.002525,105.553704,72.524199,71.055691,601.122631,564.003097,487.507735,382.448527,301.635191,235.262462,192.887556,92.446470,0.000000,74.720355,624.130612,523.145912,453.912461,399.117945,300.497501,258.088197,168.221808,111.353539,91.625181,119.484910,599.830483,558.594734,489.654618,416.201498,316.620768,290.172170,234.920310,162.220113,145.599804,196.223613,642.511429,581.768819,486.922543,432.597714,397.225358,325.230955,295.605408,232.461325,255.151543,246.681674,667.817541,610.010556,533.551996,476.480948,409.588403,360.267048,350.049271,312.966316,325.690606,301.949902,692.983417,631.949990,583.323354,522.100118,483.785707,441.429609,392.525854,397.749657,386.825821,389.080584,741.069877,662.831403,622.782531,577.156304,505.390343,483.772121,452.384910,477.179728,463.417383,476.085318,757.291620,714.085601,689.628254,639.870912,606.906146,562.250005,533.940987,518.727425,552.370094,534.735367
29,707.830094,645.148896,593.430651,503.141069,420.875232,355.563299,326.833525,251.802498,170.345550,157.924263,695.395515,601.495644,527.413555,466.446863,382.754665,311.021593,266.905472,180.273540,126.478654,84.270766,670.535324,632.366772,557.518239,452.086501,371.736678,304.190273,263.505179,156.216673,74.720355,0.000000,688.777931,586.291442,519.353856,460.019870,361.449082,314.814124,221.269087,149.509851,110.637606,57.866081,661.910743,616.610513,548.522538,473.463529,369.086887,335.718057,273.943064,178.528933,130.906009,153.213485,699.051417,633.234040,537.235662,477.978523,439.858470,354.909579,317.698628,245.037690,236.916063,209.435090,716.210387,655.275286,574.101760,518.030444,438.434170,379.338525,363.678001,309.728668,297.622165,261.522319,738.863508,669.883376,617.899613,555.852367,507.335654,456.097543,397.996596,382.915195,357.814376,350.120183,781.660681,695.664683,651.599761,601.577638,520.369435,493.166008,450.325827,462.786093,437.890290,439.269507,789.552159,741.632677,712.750922,659.379381,613.631183,563.934094,524.927001,498.191239,520.593850,497.872765
30,233.947831,265.237873,267.807384,297.517866,370.000236,426.993991,476.240167,588.082705,635.796326,719.833359,169.818773,166.395977,217.006905,275.897900,346.766716,422.749235,450.643546,537.593625,632.561414,680.958878,96.399125,90.075680,166.179099,252.480076,329.908726,390.780046,434.937836,533.390050,624.130612,688.777931,0.000000,104.437632,170.347743,232.301133,328.554114,378.838497,471.478803,547.980050,592.061238,700.831877,48.948187,118.975837,159.297696,231.261172,338.324630,386.081947,449.772004,556.249931,627.259062,694.751367,124.800551,186.195542,228.452019,293.176095,329.436364,433.275685,478.788358,536.468595,634.823808,694.611132,231.287782,253.640810,299.764265,303.169978,408.841407,474.343879,503.277009,581.786725,686.310198,726.472264,268.350339,331.477437,353.879796,357.931234,435.023139,492.279290,542.780228,647.556216,712.631231,760.818853,346.138130,389.043338,412.930428,438.760237,496.094861,529.594505,592.873504,671.411831,727.938926,796.395980,436.253437,458.496719,486.695105,497.129089,583.516580,602.196977,661.415588,725.325975,811.195805,831.274132
31,264.730106,266.983925,249.254572,245.805014,300.339561,347.772561,395.584760,501.583133,542.295697,624.907368,207.562920,150.121282,162.358950,205.606583,262.162950,333.505172,356.531298,440.512287,535.666055,582.041695,136.260723,95.812637,115.666857,165.765245,236.238874,292.483323,336.894002,431.661578,523.145912,586.291442,104.437632,0.000000,74.981929,127.985346,225.141460,274.757196,367.781939,444.142894,488.186313,596.970230,77.745045,74.723845,64.086927,128.373547,234.177247,282.417867,345.601314,451.827012,522.821792,590.429154,147.171279,152.269106,148.472395,202.830723,234.627691,334.020269,378.152341,433.274142,532.232496,591.138063,231.528308,223.587267,237.913826,224.679592,319.171060,379.151155,407.169067,482.451659,585.931953,624.214110,269.991044,298.032507,303.141778,290.785281,357.314059,406.529467,450.319261,552.842131,615.031991,661.745038,346.982357,356.638611,366.641529,379.287258,419.594582,448.364898,505.188924,582.822191,635.403718,701.606869,422.990811,429.455949,447.496916,445.552141,517.546114,527.904344,579.546705,638.003465,721.974219,739.302674
32,263.919535,245.089669,214.367568,187.725669,230.248588,273.931924,321.274196,426.601619,468.224324,551.363421,218.641695,134.534916,110.885563,137.964027,187.582383,258.553621,282.471291,367.875810,462.985709,510.728719,164.463695,121.284008,82.021876,91.479135,161.804845,220.545250,264.801476,363.552798,453.912461,519.353856,170.347743,74.981929,0.000000,77.309711,162.283035,214.482999,304.673951,381.274839,425.333076,533.790705,152.049718,138.668983,86.425717,99.174035,185.655473,235.758286,293.975588,395.614066,465.089918,535.201098,219.335734,205.562456,164.893586,195.852993,216.378049,300.891020,340.268744,386.021216,486.249120,541.301478,293.149911,271.708704,262.031883,232.534394,305.082556,353.375985,378.911616,445.981333,545.812234,578.636060,330.394342,339.479618,332.160826,306.062237,357.817296,395.052660,427.625100,524.604256,580.741684,624.013795,404.476646,396.210696,396.192331,397.555016,419.337823,441.669902,488.699905,563.814375,609.831889,671.723240,471.743299,468.893676,479.676879,468.411303,525.912256,527.511299,569.487618,620.078813,700.552334,713.676093
33,338.663074,312.715269,275.619520,227.865836,242.303619,267.285399,309.254336,401.223968,429.823009,509.384265,295.641950,208.562321,167.747187,166.460634,180.331952,234.886391,247.079169,323.520112,417.872596,460.816766,240.887290,197.292227,154.207352,104.718590,136.485090,176.731779,220.189278,306.902174,399.117945,460.019870,232.301133,127.985346,77.309711,0.000000,98.760250,146.894159,240.275616,316.420651,360.411745,469.178640,201.985649,161.401165,92.153825,37.963008,109.513092,159.378650,219.788289,324.466537,395.164165,463.542650,246.698771,203.463134,129.755046,134.478782,145.969113,223.885489,262.966083,310.328884,410.349628,466.816312,295.319852,256.678228,221.793438,179.933391,234.164479,277.526010,302.405367,368.677078,468.808501,502.730784,328.770619,312.556895,292.520261,255.128389,294.050990,324.001716,352.194664,447.787432,503.433990,546.818996,395.645602,364.971526,354.657685,345.883072,353.936697,372.415898,414.892405,488.911857,533.318652,594.602591,449.162895,435.509803,438.584012,418.999775,464.564646,460.777133,497.740375,545.336955,624.744053,637.045033
34,398.570772,356.780996,310.923200,238.709485,214.712429,213.037215,245.043680,319.497204,337.683659,414.604824,366.558196,272.472169,210.629532,176.105772,140.581086,164.013553,162.423933,229.189550,322.156614,363.089369,323.783926,281.915652,219.742675,125.311818,87.416585,89.633331,128.679642,208.197052,300.497501,361.449082,328.554114,225.141460,162.283035,98.760250,0.000000,52.791319,142.986941,219.579686,263.679892,372.388957,300.467359,258.553213,189.375714,118.178316,60.043240,97.073051,139.262208,234.475971,303.111914,374.001541,343.179668,290.208569,201.748504,170.382149,155.294609,180.544961,205.574925,233.646622,333.165136,383.697245,380.576616,332.153732,275.597098,221.993100,225.960005,241.299149,259.182657,307.279464,398.911794,424.768711,410.732142,374.563665,341.276643,290.687702,301.076762,307.779123,314.631217,396.312267,441.242636,478.909552,470.680116,419.978682,397.402625,373.750011,353.002681,359.615911,383.481074,450.114869,483.204671,536.880261,510.603606,485.477634,478.544817,447.242171,468.682886,451.886822,472.268299,506.247280,578.499673,584.566335
35,449.356402,404.810680,357.479551,280.299062,242.586080,225.749265,248.547761,304.385651,309.497566,381.352868,418.840921,324.409097,260.484662,220.105503,168.876973,167.917923,151.712186,199.799475,288.154730,323.950200,376.544629,334.567840,272.124311,174.796844,120.206867,87.535684,111.299527,165.956660,258.088197,314.814124,378.838497,274.757196,214.482999,146.894159,52.791319,0.000000,93.803611,169.562420,213.523674,322.285035,348.546136,301.869589,233.727733,158.796949,62.317574,67.011410,89.675899,181.695499,250.617387,321.245732,384.932620,324.464649,230.998462,185.286252,158.940258,150.004368,165.206213,183.558898,282.153996,331.305843,412.253975,358.276670,291.362971,234.809358,211.709665,210.583224,223.932331,262.118091,349.713095,373.263484,439.680780,391.669385,351.787227,295.987527,290.644603,284.738040,280.415049,354.117325,394.414935,429.962648,494.190348,432.041713,403.024237,371.855679,336.418535,336.672316,350.664462,412.815505,440.719901,491.124178,525.031490,493.472444,480.969759,443.789212,452.031988,428.896611,440.845002,468.219548,536.922156,540.518017
