node_id,0,1,2,3,4,5,6,7,8,9,10,11,12,13,14,15,16,17,18,19,20,21,22,23,24,25,26,27,28,29,30,31,32,33,34,35,36,37,38,39,40,41,42,43,44,45,46,47,48,49,50,51,52,53,54,55,56,57,58,59,60,61,62,63,64,65,66,67,68,69,70,71,72,73,74,75,76,77,78,79,80,81,82,83,84,85,86,87,88,89,90,91,92,93,94,95,96,97,98,99
0,0.000000,28.132933,115.479622,181.352008,219.575887,273.939401,363.226434,405.664741,443.805207,544.747254,66.273818,92.829444,154.167998,187.563317,262.778328,311.239241,380.355085,418.194999,479.475484,529.966921,121.996583,166.397979,185.456160,193.469790,287.069623,311.559550,385.508963,457.224435,498.426514,554.183795,183.833468,214.536778,208.851049,244.006326,312.530814,381.043324,418.237860,459.089139,541.188750,560.814021,234.407558,235.609435,280.689713,328.110345,359.895715,391.552966,456.229107,496.300635,549.322696,593.742798,311.788152,288.949049,344.828524,371.981595,403.895669,418.880873,473.121085,541.834886,595.058742,610.582031,340.414865,388.966009,378.728349,391.129035,441.142855,493.606180,518.401014,550.046954,608.426691,676.703354,399.878215,418.962014,444.272961,461.868967,516.748715,550.822110,581.174950,623.004353,670.113360,725.897427,486.531288,488.571754,514.145711,514.818932,535.207538,597.857183,642.150720,688.872701,703.422870,734.773795,550.081436,556.014808,547.844773,591.326410,602.952665,634.780084,688.557730,726.882350,748.120475,801.645456
1,28.132933,0.000000,94.125750,158.292221,196.271693,248.936614,339.176801,380.136808,418.236810,519.683076,91.253645,85.210405,139.353182,167.452913,242.929093,290.767877,358.901493,395.052939,457.101146,506.907912,134.973479,167.133756,182.318495,180.674171,270.574203,292.845562,366.152027,436.335437,477.179314,533.225488,198.672220,221.816088,209.663763,236.662289,298.528283,366.194714,403.187317,442.074822,522.259439,541.083001,244.699652,239.699691,282.434217,322.098534,349.707560,379.910579,442.552521,479.579762,533.894782,576.667550,323.681603,298.084353,345.293724,370.074013,400.079091,409.498960,462.599103,528.362438,580.451504,595.037097,352.525654,396.579959,383.720410,390.631195,436.014996,485.618239,509.775090,539.085891,595.919157,662.663570,410.933217,427.143250,449.168575,463.923230,514.192199,545.510092,573.981755,614.557188,659.803043,712.719884,498.562620,497.282945,518.238039,515.140815,534.261473,594.103658,636.138674,681.103173,692.764484,723.673042,561.280689,564.690475,553.876302,594.339344,604.050678,632.608119,684.160161,719.837262,739.198620,791.101737
2,115.479622,94.125750,0.000000,66.470901,104.654228,161.425815,248.598404,293.597696,331.693181,431.276041,152.864463,57.988747,56.619554,73.424463,148.856954,196.653719,265.114601,302.843437,364.000460,414.557677,146.144286,129.395761,128.905494,98.671893,178.877473,199.129729,272.118211,342.337095,383.320740,439.264387,203.643237,197.123878,165.016984,164.848125,210.019092,275.846901,312.393154,349.201642,428.283375,446.963481,227.948137,202.342449,234.100310,249.886195,267.361494,294.404220,353.359364,386.879120,442.291717,483.585616,306.860346,273.021183,289.930730,307.147578,331.358244,327.914509,378.329318,439.097866,489.642778,503.214058,335.045153,361.662789,340.738391,331.018053,363.395805,406.031902,428.698882,453.573850,507.778447,572.359711,387.362114,393.140119,403.951420,409.819891,446.730999,471.123409,495.307557,533.155252,574.873635,623.395393,476.098283,463.276898,469.116621,455.229599,470.676661,522.873056,559.528895,600.682431,607.157070,637.280971,534.599809,529.290255,510.109346,540.898797,545.103084,564.863461,610.795195,640.671179,656.409754,705.427174
3,181.352008,158.292221,66.470901,0.000000,38.244407,95.883994,182.148454,227.732103,265.745359,364.873387,217.932412,115.748332,67.643015,29.486748,90.856899,135.347359,201.288716,236.916537,298.822436,348.744221,199.138761,159.354573,146.138121,87.834285,130.903700,142.558974,212.334901,279.188899,319.547558,375.814829,248.744973,226.120304,183.259700,154.851015,168.262731,227.680539,262.503476,293.712802,368.174750,385.386311,259.296010,221.744267,241.445993,231.120579,233.758630,254.793202,306.020737,331.576524,389.235124,426.709662,333.449024,295.836865,287.041954,295.827188,312.759067,293.311117,338.659591,390.594855,437.903228,449.329755,359.991416,373.081469,346.488479,322.042439,339.279628,372.322307,392.630721,410.951442,460.589191,521.118278,406.292799,404.202446,405.626386,403.472758,426.325117,442.624678,461.346553,495.327466,531.973766,573.609635,493.524514,472.467519,465.784910,442.284269,453.790931,497.137595,527.289715,563.483940,563.091009,591.925324,547.876086,536.077247,510.512481,532.403793,531.466207,542.268836,581.710016,604.690180,615.831232,660.750030
4,219.575887,196.271693,104.654228,38.244407,0.000000,60.213627,143.945938,190.636649,228.492089,326.937160,255.220500,151.459119,95.286058,45.967437,63.000614,101.465796,164.564778,198.796560,261.052963,310.646285,231.520235,183.512800,165.457369,100.434793,109.714928,112.920196,178.589399,242.686855,282.575949,338.966504,276.931589,247.290307,200.842365,159.075140,149.866624,202.448325,235.420936,262.368498,333.402431,349.655563,280.793308,238.338158,251.059123,225.822715,218.667933,235.045160,280.151011,300.104436,358.927759,393.817600,351.247995,312.294823,289.625128,293.246985,305.407545,276.157862,317.509567,363.227439,408.216616,418.246626,376.569452,382.163625,352.807660,320.313395,328.049691,354.615546,373.218193,387.219529,433.671216,491.447975,419.093963,412.693884,408.806623,402.043293,416.270522,427.478838,442.684353,474.058960,507.400679,544.681850,504.709330,479.221933,465.447716,436.538510,445.587380,483.254401,509.266639,542.262067,537.683187,565.637140,556.367250,540.980210,511.953812,528.525600,524.574369,529.981104,565.311498,584.035601,592.359868,634.681394
5,273.939401,248.936614,161.425815,95.883994,60.213627,0.000000,92.205221,132.189052,170.309335,270.823172,313.746597,211.171428,155.131222,105.539055,80.120346,87.587209,129.136010,151.139159,215.742215,261.713724,291.685429,241.223870,220.876872,154.418334,126.324380,110.268914,155.096487,205.132017,241.827899,298.039383,335.909361,302.690001,254.474312,203.214292,165.775968,200.545887,227.469883,242.340135,300.928299,313.402568,336.122150,290.640336,297.193696,256.093702,234.983338,242.408992,273.200213,278.598586,339.296661,366.478711,403.324523,363.599677,327.596371,324.877498,330.300978,286.516854,319.231539,350.730095,389.371886,395.656009,427.446661,425.852661,393.888084,352.423422,346.638998,361.837624,376.949969,382.224813,421.054735,471.656706,466.208859,455.460048,445.603026,433.180007,435.009999,437.841728,446.639133,472.700465,499.009496,526.220508,549.647638,519.516798,497.264226,461.353910,466.716517,494.998388,513.562114,540.262680,527.228866,553.036757,598.121018,578.690687,545.626971,555.004327,546.784258,543.839706,571.946045,582.758896,585.483106,622.062748
6,363.226434,339.176801,248.598404,182.148454,143.945938,92.205221,0.000000,58.822352,91.533870,183.844619,398.073865,292.814734,230.336518,182.892404,121.867047,84.716225,59.747519,59.788331,124.702943,169.508517,366.011271,305.006780,279.718224,215.732083,143.494519,108.248669,99.577285,121.208501,153.490562,208.728297,401.603717,357.794918,307.426691,242.597092,169.643849,169.852308,183.334406,178.747615,218.841152,227.475157,389.971919,338.892660,332.632987,267.453818,226.958790,219.713967,225.766128,210.409487,270.691052,288.162749,447.195206,406.835941,346.481216,333.080339,327.105838,263.843782,281.075022,290.852939,320.133488,321.893358,467.910629,451.220264,415.353017,359.857383,332.404007,329.340651,338.560575,331.205968,358.637483,399.568963,497.451086,478.157473,457.404056,435.454710,416.904400,406.781069,405.891777,423.740686,440.120312,454.802027,574.579841,535.839489,498.727041,452.085520,451.313833,464.230864,471.459615,488.908642,465.218984,488.010295,615.757444,588.909156,549.171832,545.970753,530.948005,515.038317,531.924894,531.608454,527.015315,556.136309
7,405.664741,380.136808,293.597696,227.732103,190.636649,132.189052,58.822352,0.000000,38.150317,140.388516,445.645608,341.995529,282.204198,233.310627,178.659514,143.538124,105.057348,69.640746,119.798259,148.564758,418.988026,360.882905,336.450184,271.436597,202.312997,166.808546,145.432257,136.376127,155.037105,203.438114,457.405896,415.448588,365.186787,301.233018,227.463645,220.268802,227.501354,211.089625,228.208435,229.537396,447.870161,397.235517,391.454261,324.940233,281.726313,270.787773,266.116035,236.760521,293.825595,299.940637,505.936079,465.571506,404.356271,389.591955,381.431464,313.733673,324.271334,320.654511,341.047401,338.090356,526.729250,509.422446,473.262026,416.047393,383.731015,374.001106,380.287040,366.016988,384.617874,415.785772,556.017767,536.040560,513.832529,490.124773,465.935724,450.811525,445.219530,458.066216,467.362073,470.791943,632.529576,592.743750,552.858936,503.646802,500.939481,507.698881,509.164426,520.811849,489.637230,509.578820,672.681993,644.595089,603.564997,596.984376,579.810967,558.893021,570.126852,563.167245,553.449922,576.130908
8,443.805207,418.236810,331.693181,265.745359,228.492089,170.309335,91.533870,38.150317,0.000000,103.100690,483.618138,379.718926,319.308257,270.688706,213.330218,174.727903,124.812157,76.918081,105.824938,121.801982,455.856245,396.324537,371.229586,306.944778,232.810873,196.104530,162.308793,133.641546,141.825042,183.364122,492.922919,449.226499,398.830665,333.060407,254.291668,238.172162,239.805118,215.041558,216.202630,212.963890,481.280324,429.818372,421.462698,350.403863,303.354368,288.420396,274.431514,235.628379,289.012064,287.582689,537.019610,496.721968,430.336108,412.981857,401.705670,329.617974,333.914947,319.984196,333.888435,327.878725,556.936180,536.010120,499.136491,438.799879,400.461080,384.333757,388.020208,368.387987,380.326363,404.610673,583.814901,561.720121,536.649236,510.350514,479.722860,459.940248,450.370582,459.149095,463.148465,458.981791,658.227890,616.231485,572.149181,519.965770,515.161009,515.968506,512.546412,519.614301,483.276890,501.138083,696.074495,665.904521,623.071195,612.341779,592.908498,567.249677,573.576838,561.466032,548.084029,566.246026
9,544.747254,519.683076,431.276041,364.873387,326.937160,270.823172,183.844619,140.388516,103.100690,0.000000,581.780505,476.654286,413.887498,366.735786,302.336228,257.573056,192.308792,140.071076,110.104155,74.007573,548.642670,484.443794,457.527137,396.332424,311.091181,273.617735,217.774129,153.588759,131.386032,139.307453,580.518093,531.536831,481.333719,411.544238,322.916867,287.067108,275.315468,233.158901,191.119483,174.621826,562.122029,508.760453,493.168160,411.702103,356.903375,332.978472,296.897509,237.900432,275.598111,253.038056,610.225067,570.587100,490.817352,466.968487,447.825014,367.436291,355.530836,315.358946,310.549828,296.392677,627.323329,596.236924,557.962365,490.407532,437.350321,405.142843,401.819087,368.920393,362.204876,366.359868,646.859217,619.011278,586.360814,553.485064,506.284558,474.657387,454.772338,452.296385,441.800301,417.000359,714.378882,666.592251,611.532933,552.312594,541.964400,526.733211,510.235864,504.735056,455.435973,467.115277,745.212224,709.497271,662.221799,640.246411,614.998084,577.011609,569.934174,544.176619,521.198676,526.750551
10,66.273818,91.253645,152.864463,217.932412,255.220500,313.746597,398.073865,445.645608,483.618138,581.780505,0.000000,106.029540,171.793908,215.638972,286.696929,335.564569,406.318157,449.167214,507.193723,559.592175,78.395280,146.018648,172.217846,202.625961,300.927854,330.794978,405.024681,480.374828,522.276336,576.621384,130.128885,175.179181,184.466294,236.644941,318.995796,388.050566,425.103762,470.748884,557.486294,579.363550,187.750576,202.188750,250.577195,314.262366,355.366655,389.993754,458.840663,506.673446,555.542727,604.179897,260.109589,242.972301,315.682002,347.522816,383.159492,411.139012,467.373471,542.864621,598.627889,616.588218,287.928004,344.150324,339.278336,363.142736,422.816513,481.339231,507.387559,544.497645,606.312931,678.136232,348.572433,372.697523,404.113643,427.329251,491.570462,531.570759,566.066078,610.563873,661.925505,724.732270,432.907460,440.690391,474.891211,483.367071,506.290630,574.614911,623.761103,674.328896,695.893608,728.178655,497.497559,507.755196,504.531893,553.646367,569.122637,607.735033,666.138347,710.381752,736.020203,793.295289
11,92.829444,85.210405,57.988747,115.748332,151.459119,211.171428,292.814734,341.995529,379.718926,476.654286,106.029540,0.000000,66.284173,109.974710,180.824184,229.754548,300.426844,343.199789,401.228887,453.564725,88.175675,86.327832,97.654403,101.797567,198.230213,226.095681,300.491504,375.030832,416.843006,471.568713,147.025628,149.293072,127.691746,151.978129,220.929097,289.853355,327.110763,369.868246,454.496274,475.513246,177.528574,161.156171,200.410908,237.061672,267.083391,298.801505,364.116280,406.614439,458.258706,504.251639,257.543996,226.682188,261.813685,285.293099,314.883969,326.212415,380.301031,449.548187,503.342223,519.536618,286.240638,320.944632,304.457810,306.431796,350.864142,401.448199,425.991618,457.217510,515.779628,584.606485,341.405779,352.140729,369.387908,381.254211,429.132529,460.409158,489.452783,530.689945,577.329148,633.415751,430.140916,422.624725,437.294563,431.182397,449.672263,508.896229,551.209855,596.870722,610.608289,641.944367,490.695991,489.601055,475.045028,512.187311,520.448511,547.593021,598.966511,635.277365,655.657725,708.844578
12,154.167998,139.353182,56.619554,67.643015,95.286058,155.131222,230.336518,282.204198,319.308257,413.887498,171.793908,66.284173,0.000000,49.606837,114.974081,163.782370,234.569769,278.529972,335.519223,388.183119,136.982888,91.781363,81.174382,42.661536,133.078607,159.860681,234.261934,308.785012,350.624723,405.287942,182.138403,159.066146,118.682014,108.394906,159.187416,227.155348,264.275433,305.106005,388.652637,409.390556,192.033114,157.238736,182.927634,193.266645,212.530457,241.219705,303.208026,342.203875,395.265772,439.717102,267.399026,230.715454,235.636517,251.187220,274.781842,272.933650,324.573666,389.011915,441.370495,456.503500,294.483685,313.143378,289.604327,275.514602,306.832850,350.557534,373.693427,400.571332,456.654376,523.408481,343.027897,344.563746,351.526230,355.081873,390.147325,414.769325,439.696868,478.357344,521.623359,573.366749,431.108550,414.027610,415.286183,399.323929,414.324333,466.304153,503.544086,545.616017,554.299875,584.914243,487.474723,479.131995,457.507047,485.907709,489.195146,508.250283,554.403222,585.279233,602.205625,652.646612
13,187.563317,167.452913,73.424463,29.486748,45.967437,105.539055,182.892404,233.310627,270.688706,366.735786,215.638972,109.974710,49.606837,0.000000,75.479832,123.679514,193.105807,233.706409,293.079491,344.690797,186.447093,137.921472,121.387177,59.536040,108.212357,125.820813,198.708991,269.669625,310.952548,366.627922,230.964236,202.751440,157.763063,125.498072,143.206501,205.759789,241.600663,276.393340,354.860726,373.676862,236.194215,195.906523,213.221256,201.893951,206.724878,229.525348,283.954342,314.166615,370.393611,410.544723,308.388574,270.094328,257.714534,266.360383,283.670045,266.751456,313.678135,369.250508,418.328877,431.065967,334.387406,344.906839,317.702835,292.556571,310.836107,345.740597,366.694047,387.136423,438.718292,501.335656,379.241363,375.911439,376.423079,373.988492,397.548811,415.047895,434.971224,470.042046,508.414905,553.091469,466.013467,443.845320,436.333531,412.944207,424.708017,469.145522,500.582683,538.085905,540.005610,569.382378,519.664923,507.154944,481.174584,502.942124,502.201725,513.856359,554.386223,578.986771,591.526714,637.978211
14,262.778328,242.929093,148.856954,90.856899,63.000614,80.120346,121.867047,178.659514,213.330218,302.336228,286.696929,180.824184,114.974081,75.479832,0.000000,48.967056,119.621481,164.573663,220.545157,273.308934,246.553572,183.210180,157.926768,94.186817,48.993344,51.702827,123.272184,194.840967,236.422513,291.723757,279.786591,236.943423,186.836241,127.100258,89.754736,139.477649,172.894165,202.896893,279.468336,298.210053,269.596786,220.145185,220.718151,176.115587,159.556762,173.029969,217.336839,240.762069,298.426889,336.265514,331.096882,290.856215,247.771997,244.875269,251.705291,215.148377,254.822399,300.923561,347.235005,358.472856,353.733134,347.334818,314.578025,272.406440,270.645823,293.016870,310.928792,324.219971,371.235831,430.476774,389.295225,376.523857,365.529389,353.351426,359.196652,366.943999,380.546707,411.233295,444.467439,483.231173,471.366749,439.831465,417.392611,383.087016,389.870673,423.290346,447.278054,479.420314,474.879875,503.046555,518.687694,498.633449,465.586454,476.336971,469.611998,470.888368,503.913132,521.276678,529.362473,572.045626
15,311.239241,290.767877,196.653719,135.347359,101.465796,87.587209,84.716225,143.538124,174.727903,257.573056,335.564569,229.754548,163.782370,123.679514,48.967056,0.000000,70.837475,118.098641,171.872598,224.974446,293.401523,226.966877,199.970956,139.821555,58.814576,26.290590,77.199174,146.046480,187.518343,242.988657,322.945057,275.512378,225.088374,158.335413,88.896643,113.001713,140.552382,161.529915,232.829820,250.486618,307.101650,255.176259,247.924509,186.280966,153.711677,156.395283,186.279655,199.081172,258.550488,292.352800,362.614248,322.270006,263.977584,253.717710,252.665985,201.012073,231.691683,265.963647,308.215840,317.259316,383.196827,367.827173,332.618677,281.010608,264.322191,274.925608,289.488125,295.203046,336.538738,391.293666,413.283326,395.381498,377.580352,359.239078,351.907264,351.417928,359.130822,385.270045,413.049220,445.055550,491.577136,454.881280,423.184064,381.797477,384.717066,408.788794,426.039202,452.951260,442.023232,468.750523,534.629550,510.118630,472.903992,475.939090,464.937496,458.154202,484.596226,495.387232,499.187296,537.868878
16,380.355085,358.901493,265.114601,201.288716,164.564778,129.136010,59.747519,105.057348,124.812157,192.308792,406.318157,300.426844,234.569769,193.105807,119.621481,70.837475,0.000000,53.200405,101.043645,154.355396,363.532367,295.350860,267.448430,209.822100,119.138413,81.971717,40.874262,78.158695,118.298851,174.526972,390.394621,339.532529,289.499724,219.254864,132.335349,115.245087,124.479873,120.092684,171.941592,185.847787,369.871312,316.451686,302.225413,226.392000,178.611595,165.779063,166.156517,153.519183,214.349775,237.609551,419.038625,379.126481,306.417757,288.192259,277.473188,208.708921,222.172770,232.069861,264.266975,268.287603,437.247546,412.286466,375.037917,313.991709,278.689121,271.032954,279.356065,271.526402,300.636519,345.253439,460.971830,437.456033,411.847332,386.211195,361.149742,348.324644,346.330885,364.045600,381.531496,400.265531,533.903030,491.422878,448.521785,398.600510,396.036671,405.628926,411.772973,429.396153,407.357060,431.032578,571.262384,541.411810,499.341500,491.933275,475.118229,456.601980,472.294092,472.111728,468.476362,499.551426
17,418.194999,395.052939,302.843437,236.916537,198.796560,151.139159,59.788331,69.640746,76.918081,140.071076,449.167214,343.199789,278.529972,233.706409,164.573663,118.098641,53.200405,0.000000,64.917703,111.855753,410.987230,345.020238,317.759657,257.720001,171.092037,133.583578,86.480549,68.097512,94.794140,149.235676,440.803172,391.491413,341.267366,271.749364,185.492456,162.021851,162.975112,141.845426,163.804586,169.659155,422.211245,369.058176,355.423669,278.687471,228.717807,211.983572,198.807715,167.187812,224.818344,234.788399,472.215269,432.275515,358.674837,339.055267,325.953460,252.774399,257.877046,251.014429,272.676666,271.217017,490.437796,464.588916,427.085508,364.333299,323.676931,308.127273,312.853994,296.675648,315.312873,349.122991,513.665633,489.295269,462.002948,434.403082,402.867723,384.230785,376.716567,388.573360,397.970630,404.327648,585.620496,541.903535,495.817202,443.091764,438.277318,440.664673,440.150225,451.172198,420.710682,441.334780,621.583336,590.274540,546.773673,535.423760,516.167701,491.937238,501.160528,493.527584,484.223704,508.412519
18,479.475484,457.101146,364.000460,298.822436,261.052963,215.742215,124.702943,119.798259,105.824938,110.104155,507.193723,401.228887,335.519223,293.079491,220.545157,171.872598,101.043645,64.917703,0.000000,54.120051,464.126380,394.731115,366.281897,310.488852,216.896467,181.068367,114.393423,43.500053,36.069021,85.309060,488.706932,435.128604,385.848437,314.054354,221.183569,178.384398,165.211352,124.891132,110.445868,109.740017,464.122213,409.929151,389.904953,304.812359,248.375486,223.152367,188.511049,136.249339,185.065224,182.019728,506.773678,467.788405,383.023885,357.803251,337.814535,257.376806,247.938611,219.166581,228.544425,222.054766,522.373146,487.898691,449.423926,380.803813,327.470655,298.159253,297.200515,270.258762,276.116200,298.904498,539.106643,509.972119,476.412997,443.398121,398.286146,370.176814,354.745733,358.704888,358.700650,353.435541,604.975438,556.623306,501.692257,443.274752,434.032057,424.131561,414.184569,416.896054,377.919002,395.357297,635.147708,599.453372,552.452296,532.318886,508.574692,475.068650,474.932286,458.261332,442.981336,460.441968
19,529.966921,506.907912,414.557677,348.744221,310.646285,261.713724,169.508517,148.564758,121.801982,74.007573,559.592175,453.564725,388.183119,344.690797,273.308934,224.974446,154.355396,111.855753,54.120051,0.000000,517.832162,448.772753,420.371886,364.136096,271.001503,235.045249,168.116805,93.222394,60.914735,68.636004,542.825961,489.111117,439.910487,368.032624,274.754366,228.634108,211.192420,164.472310,117.432412,103.172073,517.933140,463.674224,442.691188,356.047305,298.340069,270.750818,227.539275,165.218044,201.634824,181.960332,559.335863,520.613950,433.289244,406.390239,383.959691,301.622478,284.947149,241.411128,237.664630,225.003747,574.295794,537.372492,498.723102,428.385264,370.147311,333.859870,329.265098,295.090713,288.879268,297.484895,589.122315,558.436200,522.560914,487.357415,435.569831,401.888122,381.000660,378.347328,369.209155,349.762949,652.618028,602.525384,543.743009,482.780197,471.114608,453.336227,436.229263,431.433272,384.149524,397.469863,680.250774,642.633932,594.106391,569.243266,542.928596,503.435386,495.960801,471.249537,449.924063,459.087182
20,121.996583,134.973479,146.144286,199.138761,231.520235,291.685429,366.011271,418.988026,455.856245,548.642670,78.395280,88.175675,136.982888,186.447093,246.553572,293.401523,363.532367,410.987230,464.126380,517.832162,0.000000,76.173652,105.403880,153.710843,249.440475,283.398385,355.505870,432.907464,474.824771,526.990927,64.079154,97.034490,109.226151,169.933827,259.971950,327.579026,363.795725,412.635864,502.262631,525.950967,112.872275,123.892717,172.497755,241.211116,287.060476,323.064790,393.818024,446.981888,492.091251,543.528177,189.818600,167.892592,237.530276,270.125265,306.613834,340.087767,396.895449,475.901877,532.944921,552.487354,218.495491,268.706344,261.738983,285.041407,346.856189,407.455008,433.923785,473.564039,536.965664,610.576968,277.887023,298.128878,326.894769,349.063033,413.672373,454.929873,490.674992,536.056711,589.113541,655.393325,364.642403,367.261985,397.512414,404.972411,427.962353,496.945543,547.166886,598.859556,623.283768,655.921860,428.088202,434.650766,428.618974,475.961768,490.864502,529.503436,588.524474,634.198381,661.326186,720.049516
21,166.397979,167.133756,129.395761,159.354573,183.512800,241.223870,305.006780,360.882905,396.324537,484.443794,146.018648,86.327832,91.781363,137.921472,183.210180,226.966877,295.350860,345.020238,394.731115,448.772753,76.173652,0.000000,29.621374,89.446928,178.066946,213.771491,283.671014,361.460766,403.130997,454.107013,96.600776,68.311883,42.615498,93.761320,184.913421,251.846773,287.851496,337.238780,427.454240,451.658033,100.604735,74.951933,115.300846,168.248827,211.324794,247.073406,317.667604,371.196203,415.918582,467.526240,177.944992,143.638945,178.617490,205.919890,239.274152,265.596290,322.135868,400.019125,456.891114,476.323934,205.869552,235.016672,218.184012,224.734231,277.986353,335.349767,361.368956,399.099208,461.790331,534.879323,258.130717,266.327792,283.241372,296.796097,350.788969,387.335960,420.544928,464.653326,515.979686,580.262476,346.925663,336.789612,351.584219,348.642668,368.809852,432.582635,479.306334,528.784158,549.991691,582.367867,406.198925,403.590304,388.771407,427.253880,437.184781,468.571934,523.704382,565.364623,590.128305,647.303152
22,185.456160,182.318495,128.905494,146.138121,165.457369,220.876872,279.718224,336.450184,371.229586,457.527137,172.217846,97.654403,81.174382,121.387177,157.926768,199.970956,267.448430,317.759657,366.281897,420.371886,105.403880,29.621374,0.000000,66.546852,149.408815,185.611909,254.642079,332.465439,374.046871,424.739992,123.048087,81.932055,37.509470,64.989024,155.294511,222.304663,258.409640,307.635568,397.836029,422.074637,115.431770,76.087727,105.531384,143.692332,183.409176,218.674866,288.826387,341.679840,386.847559,438.129277,187.336555,149.852565,164.623163,187.760696,218.488217,238.994904,295.155871,371.704020,428.270827,447.391255,213.897347,233.166257,211.920405,208.803981,255.805151,310.563418,336.173356,372.288448,434.266171,506.761672,261.863201,264.646501,275.589134,284.474836,331.987929,365.472175,396.932182,440.089302,490.116656,552.724640,350.027627,334.587424,341.941843,333.595745,352.051559,412.524860,457.011048,505.002922,523.980717,556.136438,406.949793,400.423141,381.726258,415.629366,422.974781,450.339750,503.115198,542.311012,565.539675,621.615492
23,193.469790,180.674171,98.671893,87.834285,100.434793,154.418334,215.732083,271.436597,306.944778,396.332424,202.625961,101.797567,42.661536,59.536040,94.186817,139.821555,209.822100,257.720001,310.488852,364.136096,153.710843,89.446928,66.546852,0.000000,98.387677,130.210406,203.533650,280.221451,322.217176,375.455875,186.006829,148.272017,100.581500,69.180942,119.188204,188.056202,225.313309,268.691157,354.862107,376.937979,181.708159,137.903369,153.735096,151.970642,169.963115,199.256394,262.761107,305.154231,356.462365,402.803189,250.820582,211.895075,200.348900,212.406036,233.900068,230.314418,282.276103,348.402487,401.702793,417.740858,276.188475,285.417345,258.688169,237.657986,264.929106,307.897145,331.057775,358.515752,415.410181,483.234430,319.912906,316.467947,318.345769,318.348247,349.116621,372.453251,397.047946,435.743083,479.421438,532.574757,406.511483,384.633454,379.807190,360.298513,374.182318,424.393154,460.983573,502.966341,512.232674,543.030296,460.195196,448.338092,423.649932,448.453702,450.056280,466.918635,512.130052,542.618393,559.700354,610.581335
24,287.069623,270.574203,178.877473,130.903700,109.714928,126.324380,143.494519,202.312997,232.810873,311.091181,300.927854,198.230213,133.078607,108.212357,48.993344,58.814576,119.138413,171.092037,216.896467,271.001503,249.440475,178.066946,149.408815,98.387677,0.000000,37.541136,106.067900,183.625535,225.463988,277.708795,271.887305,220.465849,170.367364,100.925394,40.768705,97.549031,133.627296,172.039953,256.616230,278.551504,251.139888,198.247508,189.144757,131.342528,110.566137,125.400789,175.766068,209.249517,263.512607,306.678456,304.212136,263.911172,206.934925,199.913969,203.983306,166.618850,208.449824,261.050986,310.778096,324.554175,324.483801,309.802831,275.180872,227.452534,221.770951,244.916089,263.631908,280.054018,330.529706,393.579393,354.683831,337.813579,322.538085,307.499847,310.325297,318.255038,333.012668,365.181859,401.080799,445.012560,433.750885,398.680466,371.623917,335.129634,341.245165,374.446970,399.558417,433.394228,432.308870,461.399156,478.174900,455.544228,420.501081,428.696850,421.117213,421.921019,455.681328,474.930809,484.997551,530.109857
25,311.559550,292.845562,199.129729,142.558974,112.920196,110.268914,108.248669,166.808546,196.104530,273.617735,330.794978,226.095681,159.860681,125.820813,51.702827,26.290590,81.971717,133.583578,181.068367,235.045249,283.398385,213.771491,185.611909,130.210406,37.541136,0.000000,74.401260,150.069472,192.068855,245.851787,308.477179,257.919138,207.742391,138.425082,62.786947,91.794825,122.824779,151.224019,229.636771,249.643486,288.676466,235.761574,225.366452,160.471549,127.666496,132.168075,168.029130,189.087147,246.784969,284.872001,341.080997,300.844446,238.697538,227.621718,226.405694,176.446205,209.930363,250.355936,295.722322,306.771397,360.836233,343.069629,307.473944,254.867730,238.614359,251.627191,267.290216,276.190959,320.848857,378.973969,389.226762,370.273137,351.606352,332.958316,326.451164,327.581176,337.062287,364.994254,395.463564,431.935208,466.601198,429.156989,396.896234,355.725149,359.014118,384.776831,404.000799,432.970977,425.283441,452.908709,508.963751,484.032339,446.634806,449.844827,439.232803,433.787412,461.989062,475.195006,481.008245,521.988728
26,385.508963,366.152027,272.118211,212.334901,178.589399,155.096487,99.577285,145.432257,162.308793,217.774129,405.024681,300.491504,234.261934,198.708991,123.272184,77.199174,40.874262,86.480549,114.393423,168.116805,355.505870,283.671014,254.642079,203.533650,106.067900,74.401260,0.000000,77.829216,119.477298,171.922287,376.064898,321.130191,272.227014,200.083805,106.807318,75.872858,83.815891,87.246361,156.210425,175.363128,349.816571,295.573054,276.170430,194.343925,142.414023,126.243656,126.517787,123.760479,184.267710,215.304084,393.207526,353.933616,273.979344,252.928118,239.556945,168.433469,181.569187,197.068226,234.317758,241.531749,409.691778,379.792273,341.926355,277.977097,238.810472,230.220795,238.984097,233.492058,266.862336,316.822495,429.703930,403.805414,375.575031,348.110560,320.518039,307.558517,306.454553,325.779384,346.340402,371.223299,499.942357,455.533740,409.846962,358.638739,355.508346,364.913615,372.255345,391.871594,373.435003,398.463129,535.165483,503.862360,460.763773,451.718732,434.434074,415.839422,432.569467,434.600701,433.210209,467.382806
27,457.224435,436.335437,342.337095,279.188899,242.686855,205.132017,121.208501,136.376127,133.641546,153.588759,480.374828,375.030832,308.785012,269.669625,194.840967,146.046480,78.158695,68.097512,43.500053,93.222394,432.907464,361.460766,332.465439,280.221451,183.625535,150.069472,77.829216,0.000000,41.999685,96.959366,453.812200,398.221138,349.677449,277.343806,182.932885,135.740072,121.738576,83.989392,97.633940,108.289932,426.307130,371.910193,349.685378,262.895397,205.651507,179.735126,146.813256,102.043428,157.506666,167.481840,466.204887,427.606790,340.512658,314.646949,294.320890,213.989035,206.606285,186.434797,204.784705,203.175829,481.073967,445.062420,406.514572,337.448481,284.248334,257.082302,257.728610,234.945628,248.508414,281.091699,496.508117,466.825257,432.931246,399.961355,356.333177,330.478580,317.817085,325.507566,331.344909,336.318290,561.670238,513.135478,458.469043,400.615249,392.081402,385.371309,379.183372,386.353620,353.264947,373.411211,591.647791,556.060041,509.274285,490.291250,467.441971,436.530171,440.183143,428.400076,417.198264,440.351655
28,498.426514,477.179314,383.320740,319.547558,282.575949,241.827899,153.490562,155.037105,141.825042,131.386032,522.276336,416.843006,350.624723,310.952548,236.422513,187.518343,118.298851,94.794140,36.069021,60.914735,474.824771,403.130997,374.046871,322.217176,225.463988,192.068855,119.477298,41.999685,0.000000,56.479648,495.026722,438.693000,390.531420,318.083831,223.191640,171.230943,151.154018,103.558031,74.389060,75.188569,466.255947,411.804505,387.827617,298.946018,240.166503,211.117107,166.736052,106.883979,151.089162,145.957136,503.748137,465.645781,374.958789,346.919567,323.526289,240.880253,224.578448,187.290513,193.220025,186.080508,517.608879,478.274330,439.551843,368.393607,309.237139,273.902025,270.511393,239.688979,241.625724,262.841031,530.368533,498.724407,462.027104,426.491742,375.323723,343.412265,325.055745,326.356373,323.928791,317.369018,592.487063,541.904256,482.844552,422.124331,410.944005,396.033022,382.810465,383.124707,342.478773,359.503124,619.472813,581.720391,533.234896,509.171252,483.616706,446.595983,443.261729,424.160703,407.707389,424.420991
29,554.183795,533.225488,439.264387,375.814829,338.966504,298.039383,208.728297,203.438114,183.364122,139.307453,576.621384,471.568713,405.287942,366.627922,291.723757,242.988657,174.526972,149.235676,85.309060,68.636004,526.990927,454.107013,424.739992,375.455875,277.708795,245.851787,171.922287,96.959366,56.479648,0.000000,544.216636,485.970805,438.948631,366.509504,271.245669,212.763653,185.994293,132.599460,56.334665,35.333168,512.193475,457.816454,430.372189,338.614855,278.416048,245.693591,188.965468,118.799718,140.718154,113.866783,544.549321,507.573251,411.139550,379.958637,352.299167,268.350526,240.806380,183.277797,171.641283,157.155104,556.457215,511.575307,472.853435,399.111264,332.228699,286.623169,277.911434,237.616635,223.758226,228.860218,564.440861,529.737113,488.901649,449.845420,388.561548,348.919355,323.280704,315.951889,302.582202,281.193981,621.187433,567.649309,502.405824,438.208739,423.423850,397.380377,374.873949,366.055458,316.294626,328.975445,643.276844,602.418961,551.734895,520.488762,491.366597,446.340755,433.601845,405.098141,382.077105,390.460135
30,183.833468,198.672220,203.643237,248.744973,276.931589,335.909361,401.603717,457.405896,492.922919,580.518093,130.128885,147.025628,182.138403,230.964236,279.786591,322.945057,390.394621,440.803172,488.706932,542.825961,64.079154,96.600776,123.048087,186.006829,271.887305,308.477179,376.064898,453.812200,495.026722,544.216636,0.000000,65.595466,105.685207,177.787036,272.989379,335.997345,370.021140,421.985989,513.614379,539.073343,61.948331,98.387083,145.017200,230.482015,284.554971,321.770309,393.827005,453.630771,492.775207,547.493124,129.993931,115.380999,205.985543,243.087231,282.559611,330.456725,387.169359,471.299092,529.684930,551.442932,157.976289,215.894805,215.451618,252.667672,324.093877,389.788379,416.913242,461.668519,527.388128,603.449606,218.481889,243.509258,278.603904,306.823306,380.910425,428.030046,467.684866,515.160768,571.954335,644.774574,303.546967,310.804316,349.419247,365.274325,390.719139,464.869993,519.616893,574.723868,606.318088,639.506368,367.786414,377.740077,376.225065,428.844585,447.562295,492.915477,556.159810,607.555423,639.011559,701.030647
31,214.536778,221.816088,197.123878,226.120304,247.290307,302.690001,357.794918,415.448588,449.226499,531.536831,175.179181,149.293072,159.066146,202.751440,236.943423,275.512378,339.532529,391.491413,435.128604,489.111117,97.034490,68.311883,81.932055,148.272017,220.465849,257.919138,321.130191,398.221138,438.693000,485.970805,65.595466,0.000000,50.433128,121.078601,215.503888,275.219281,308.060047,360.863034,452.811639,478.909706,33.506741,32.793393,80.443485,165.238744,220.543708,257.803257,329.822200,391.324230,428.623245,484.038022,109.762832,77.439189,143.679264,179.254967,218.074749,265.031318,321.668883,406.214097,464.716001,486.819502,137.945636,174.821650,164.991287,191.072116,259.446580,324.451736,351.537801,396.073103,461.826050,537.992018,192.113767,205.329531,230.364247,252.158680,319.970265,364.763315,403.370906,450.452597,506.710218,579.179317,280.853948,275.533941,300.781584,308.615838,332.380933,403.762258,456.721100,510.830365,541.070263,574.212413,341.634375,342.908918,333.318778,379.014690,393.946065,434.316369,495.318402,544.450164,574.716652,636.122072
32,208.851049,209.663763,165.016984,183.259700,200.842365,254.474312,307.426691,365.186787,398.830665,481.333719,184.466294,127.691746,118.682014,157.763063,186.836241,225.088374,289.499724,341.267366,385.848437,439.910487,109.226151,42.615498,37.509470,100.581500,170.367364,207.742391,272.227014,349.677449,390.531420,438.948631,105.685207,50.433128,0.000000,72.497648,167.745462,230.351258,264.653939,316.354142,407.935419,433.403426,82.762481,38.597025,72.871757,132.276106,181.453362,218.345704,290.167696,348.333149,389.111618,442.896369,150.636488,112.577179,136.030624,164.202783,198.785851,231.837229,288.793978,369.950940,427.770321,448.560446,176.768050,196.650616,177.269687,182.330141,238.362509,298.228894,324.712910,365.066948,429.191630,503.772303,224.372977,228.125408,241.859606,254.269638,309.009085,347.168659,381.828675,426.910550,479.952689,547.451809,312.607506,298.313116,309.611066,306.057117,326.435638,391.260487,439.329274,490.072963,514.149345,546.849884,369.907544,364.553341,347.728997,384.871605,394.569740,426.507146,482.579164,525.922593,552.240813,610.831128
33,244.006326,236.662289,164.848125,154.851015,159.075140,203.214292,242.597092,301.233018,333.060407,411.544238,236.644941,151.978129,108.394906,125.498072,127.100258,158.335413,219.254864,271.749364,314.054354,368.032624,169.933827,93.761320,64.989024,69.180942,100.925394,138.425082,200.083805,277.343806,318.083831,366.509504,177.787036,121.078601,72.497648,0.000000,95.270907,159.346209,194.711909,245.247016,336.399090,361.497874,150.648014,97.341198,94.017122,85.958331,118.724398,153.700424,223.933202,278.309032,322.167343,374.137964,204.882530,164.520633,132.218310,143.319443,166.626033,175.651651,231.183366,306.731255,363.296755,382.568772,226.794084,223.537396,193.751785,168.478940,200.147414,249.605590,274.464141,308.386521,369.671960,441.831739,263.012449,253.806305,251.062228,249.295182,281.991736,309.224036,337.475001,379.006151,427.173701,488.087472,346.839123,320.171071,311.104474,291.349576,305.935407,359.276223,399.509862,444.947473,460.825086,492.702072,397.369072,382.418649,355.676978,379.275907,381.171170,400.282326,448.394706,483.304442,504.189333,558.767539
34,312.530814,298.528283,210.019092,168.262731,149.866624,165.775968,169.643849,227.463645,254.291668,322.916867,318.995796,220.929097,159.187416,143.206501,89.754736,88.896643,132.335349,185.492456,221.183569,274.754366,259.971950,184.913421,155.294511,119.188204,40.768705,62.786947,106.807318,182.932885,223.191640,271.245669,272.989379,215.503888,167.745462,95.270907,0.000000,69.152975,106.365705,152.744137,242.541664,266.960391,243.386205,189.018654,170.278946,97.914826,69.844760,86.533860,144.024336,187.855506,237.416434,285.223225,287.313557,247.700444,176.904748,164.840209,165.182855,126.311546,170.540261,229.840821,282.538994,298.678099,304.981764,282.064235,245.805768,192.114347,181.264172,204.968590,224.497136,244.163541,297.890429,364.287034,329.527203,308.594825,288.836676,270.650289,269.798437,277.693353,293.531801,327.104364,365.510423,414.219606,405.070218,366.573416,334.688926,295.756104,301.043503,333.754088,359.846882,395.239161,397.435604,427.323122,446.430511,421.250319,384.199979,389.607627,381.048895,381.154053,415.484928,436.433408,448.327010,495.612989
35,381.043324,366.194714,275.846901,227.680539,202.448325,200.545887,169.852308,220.268802,238.172162,287.067108,388.050566,289.853355,227.155348,205.759789,139.477649,113.001713,115.245087,162.021851,178.384398,228.634108,327.579026,251.846773,222.304663,188.056202,97.549031,91.794825,75.872858,135.740072,171.230943,212.763653,335.997345,275.219281,230.351258,159.346209,69.152975,0.000000,37.258833,86.009133,177.697090,203.711463,300.118039,245.961770,217.728236,127.724338,69.991429,50.536864,78.348986,119.406404,168.406976,216.373689,332.827747,295.205606,204.772802,179.956789,164.010076,94.014559,118.691074,163.510414,214.258147,229.686300,346.378001,309.519332,271.078011,203.964242,163.465723,162.896217,176.520935,184.858512,233.051715,296.624400,360.790537,331.944185,301.019094,272.381321,247.052413,240.052766,246.131671,273.199429,305.005105,347.604301,427.434977,381.183288,333.977487,283.383697,281.539055,297.626019,313.037496,341.188130,335.621170,364.247625,460.552698,428.312407,384.900304,376.854349,361.097764,347.728973,371.702282,383.400182,389.951062,433.104193
