node_id,0,1,2,3,4,5,6,7,8,9,10,11,12,13,14,15,16,17,18,19,20,21,22,23,24,25,26,27,28,29,30,31,32,33,34,35,36,37,38,39,40,41,42,43,44,45,46,47,48,49,50,51,52,53,54,55,56,57,58,59,60,61,62,63,64,65,66,67,68,69,70,71,72,73,74,75,76,77,78,79,80,81,82,83,84,85,86,87,88,89,90,91,92,93,94,95,96,97,98,99
0,0.000000,77.079498,153.298812,208.612781,300.932984,381.762422,423.404938,521.981474,584.856667,683.072005,67.141064,105.206494,126.278683,241.295084,317.122709,370.834216,448.946169,521.561932,594.498725,648.462650,135.553958,149.921926,187.538738,268.656110,325.497124,397.992579,466.480750,569.880273,633.156324,696.890618,189.895853,208.173524,243.976594,301.390840,370.202531,426.433565,519.894667,595.286285,637.752389,704.850822,263.270335,294.194240,359.356056,377.803549,412.904148,487.659468,567.081739,605.340029,658.034024,731.764726,371.555782,398.435338,410.804988,419.444399,480.436615,519.522373,586.653245,633.109384,699.533511,762.134636,429.767120,423.906267,461.389642,514.551370,567.436553,596.236339,673.972639,731.880552,742.171721,808.529819,520.177262,543.995798,570.451182,565.974161,629.647618,636.531243,718.166341,760.023516,832.133935,870.065967,569.218103,593.860116,630.080542,670.982555,686.607403,694.610385,770.653187,815.972852,882.958851,914.145430,662.366550,660.989257,699.063929,710.376890,768.066403,796.212548,834.657252,862.729632,925.215993,992.776391
1,77.079498,0.000000,76.257007,131.929942,223.853711,304.692621,346.331424,444.924130,507.777602,606.043177,105.926042,66.368847,63.463804,167.692769,242.395033,294.523112,373.057124,444.830504,518.243385,571.764584,166.354899,124.599037,135.636373,211.831153,257.365015,325.389401,394.390647,496.044222,558.691270,621.200865,195.954538,200.274159,208.220092,250.451594,309.532218,363.917496,450.111846,524.669423,566.429042,631.616197,268.618727,279.682471,327.469092,330.821582,360.098078,427.234735,502.959204,538.192141,589.584017,661.069376,378.374204,384.934490,388.828238,384.674238,432.490526,468.068731,529.310800,571.344474,635.196717,695.264689,436.595494,414.054434,437.076685,483.671203,525.607992,550.210805,620.204550,673.450206,680.363336,744.032909,518.556166,533.355584,548.044457,535.167768,592.531732,592.921371,668.333621,706.824077,773.129948,808.461268,572.436006,581.899165,610.892380,642.941641,651.934634,655.139796,724.221506,765.808018,828.254146,857.690175,663.992531,649.418212,683.165830,686.774735,735.709190,760.542159,791.013662,814.547583,872.454856,938.195413
2,153.298812,76.257007,0.000000,58.280370,147.696468,228.631608,270.239505,368.682663,431.623693,530.085268,170.555204,95.175677,59.960657,98.249013,169.288672,218.937005,297.858578,368.731547,442.551165,495.674794,218.282716,139.642798,112.790749,168.791569,194.322757,254.638105,323.832577,422.999019,484.837269,546.015017,226.101143,217.391712,194.236024,212.705562,255.596538,306.158912,382.096758,455.284862,496.087045,559.002095,291.341692,282.471875,308.507486,293.832020,314.832838,371.031959,441.404720,472.813239,522.451851,591.190357,396.731765,383.163190,378.056681,360.017629,391.236120,421.987797,475.494505,512.019475,572.545835,629.532882,453.038626,414.935211,422.210222,460.516990,489.557719,509.083240,569.593119,617.228182,620.331727,680.758467,524.806883,530.308919,532.597918,511.038670,560.654032,553.922858,621.689644,656.183772,715.761925,748.123482,582.369088,576.607432,597.734528,620.093584,621.932964,619.941313,680.848082,718.100338,775.305965,802.733145,670.991358,643.484820,672.397592,668.030930,707.287566,728.401265,750.160581,768.687187,821.398504,884.943461
3,208.612781,131.929942,58.280370,0.000000,94.616997,174.162350,215.778943,315.196930,377.216411,474.783541,228.818180,151.026584,113.903698,80.703491,132.468935,172.052868,251.333920,317.830131,393.366381,444.473490,274.679832,188.140490,145.986951,177.190005,175.645762,219.699226,287.710838,380.876421,440.589578,498.189346,276.029370,262.352492,223.676161,222.231795,245.541421,289.445216,349.397189,419.559975,458.458760,516.975119,336.599933,317.743889,328.616455,299.664873,311.897822,354.515840,417.047523,442.944416,489.634208,553.762448,437.979013,413.048431,402.075761,374.171700,390.127747,415.489871,459.919518,489.607224,545.450146,597.996593,492.538612,445.897246,442.399934,473.731908,491.453791,506.027086,556.387811,597.497559,596.138357,652.187249,557.616938,557.121051,550.671221,522.711865,565.278336,552.292207,612.055497,642.203960,694.089779,722.833544,616.875674,601.415073,616.777457,631.544582,627.515478,621.052421,673.927676,706.683051,758.164172,783.300605,703.053923,667.253681,692.527091,682.264998,713.484285,731.304521,745.141877,758.788368,806.010058,866.989817
4,300.932984,223.853711,147.696468,94.616997,0.000000,81.016988,122.564670,221.191292,283.932086,382.492026,313.042060,228.767311,191.613311,89.375777,67.875194,81.197865,158.999530,223.224052,299.019234,349.863089,349.109281,250.089802,192.102106,180.946468,134.545527,143.403699,206.117024,290.970387,348.653537,404.179247,335.135786,312.816534,252.022571,219.535765,207.716819,236.680747,270.415719,335.673812,372.144871,426.373462,383.996597,347.923908,332.577027,282.435645,279.531402,298.311694,347.411508,365.601694,408.166263,466.973679,474.253161,429.351941,408.702523,365.639499,356.155255,372.044483,401.526620,421.067431,470.096761,516.984988,524.044098,462.938116,440.940162,459.574481,458.556212,465.059003,499.348975,530.897693,523.811039,574.113037,575.087507,563.803426,542.461085,504.600607,534.834667,512.420542,559.208057,582.813277,623.997271,648.101245,636.398769,603.657717,608.808510,610.714397,597.368727,584.059664,624.128609,650.098823,693.361472,715.358616,716.717559,666.530120,685.138473,665.149577,682.983534,695.453518,697.263337,703.798360,743.147335,800.397995
5,381.762422,304.692621,228.631608,174.162350,81.016988,0.000000,41.658855,141.152471,203.161328,301.482339,393.438562,308.389022,271.632269,161.587017,102.744781,53.758839,98.564080,147.008623,224.511008,272.015964,426.842003,325.138788,263.964150,234.546138,164.510805,126.206258,167.992575,230.144081,281.678099,330.523946,407.426239,381.884144,312.897970,264.880891,226.692769,236.560110,231.534874,285.373784,316.503472,361.485117,450.065582,405.768554,374.643061,311.768495,296.124314,288.819116,318.286500,324.834026,359.858178,408.846157,532.649747,476.282960,449.641980,397.055771,366.362528,372.202460,384.181258,390.662771,429.380524,467.384012,578.762788,509.518441,474.988778,483.071662,465.654905,464.183524,480.577971,500.262830,486.103690,527.946922,619.812204,601.031204,568.678237,523.544459,542.133912,511.310719,543.712403,559.670466,587.602460,605.547781,681.673558,636.877903,633.944172,625.047394,603.624570,584.145843,610.681829,629.009451,662.461290,680.529994,756.895494,696.513755,709.569066,681.785552,687.494147,694.785176,684.721549,683.721362,713.940804,766.384769
6,423.404938,346.331424,270.239505,215.778943,122.564670,41.658855,0.000000,99.819447,161.502614,259.958565,434.343573,348.907965,312.406139,200.213129,134.882408,75.568702,78.937028,108.624974,186.455982,231.642363,466.226377,363.480656,301.302161,265.275083,189.075590,133.080747,157.507892,201.391027,247.999445,292.390125,444.226706,417.319661,345.302625,291.594994,243.220357,243.483795,216.990809,262.167084,289.463141,328.377953,483.817825,436.015625,398.050288,330.409123,309.178945,288.961928,306.867516,306.566116,336.601898,379.352264,562.426145,500.957681,471.712538,415.218561,374.741490,375.399156,377.964680,377.193165,409.648693,442.310561,606.574876,533.795806,493.544115,496.423736,471.021091,465.493592,472.311970,485.409680,467.502739,504.371797,642.584264,620.228010,582.656306,534.268514,546.837564,511.993036,536.590502,548.363256,568.991399,583.509073,704.454466,653.905384,646.969728,632.702419,607.320829,584.821128,604.136536,618.324178,646.387485,662.279396,776.871675,711.639123,721.851368,690.276771,689.783739,694.374840,678.207921,673.265203,698.525906,748.223893
7,521.981474,444.924130,368.682663,315.196930,221.191292,141.152471,99.819447,0.000000,64.405264,164.558821,529.760777,443.468699,407.839006,292.031147,219.454733,157.877498,98.982730,34.246146,96.535926,133.106967,557.208828,452.522850,388.803335,340.381654,257.306521,179.642367,161.771302,143.627260,169.426932,198.933138,528.936443,499.121894,421.586665,357.801623,292.012420,272.489627,198.756982,214.434300,228.529923,248.187291,561.022395,505.920040,453.787677,378.315096,346.262288,298.720923,287.127459,268.960527,283.641394,307.675588,629.546448,557.243064,522.695198,458.941290,398.101597,386.832036,366.823840,347.987446,362.940351,380.678813,668.627034,588.628793,536.109431,527.039966,483.840259,468.930170,452.403528,448.751506,421.871626,445.197568,692.430087,662.016477,612.897581,557.915589,556.083120,512.565695,517.705364,518.945210,521.059300,526.806759,753.640440,690.150308,673.919797,647.224046,612.914455,583.660361,585.195862,589.041456,603.459376,613.796538,818.704253,742.662986,746.024494,705.886689,690.643253,688.704598,658.083579,643.654907,656.499668,698.964487
8,584.856667,507.777602,431.623693,377.216411,283.932086,203.161328,161.502614,64.405264,0.000000,100.154539,593.852738,507.667451,471.881454,356.385686,283.796453,222.278143,159.576362,80.776941,82.876347,87.056739,621.609994,516.876407,453.099815,403.196200,319.531154,239.401663,210.338900,158.494610,158.150744,161.543308,592.843921,562.637142,484.290981,418.652323,349.105111,323.664854,233.258927,228.186132,229.914880,227.823439,623.564125,566.884019,510.952868,433.727117,398.456398,341.114550,314.677626,286.027379,288.181326,293.827300,689.337463,613.906466,577.745941,511.926872,443.818837,427.376612,396.165146,366.944709,368.909265,373.741389,726.728393,644.628098,587.929392,574.032698,523.184452,503.766597,474.252491,459.612832,426.852572,438.694802,746.107309,712.652035,658.923867,601.458401,592.614256,545.136979,538.900207,533.330393,522.137018,520.795626,806.808450,738.279594,717.977633,685.469697,646.865877,614.278563,605.312307,602.411462,607.042350,613.065816,868.612743,788.159696,788.286760,744.196468,721.243177,715.615205,676.556142,656.104462,660.093936,696.687001
9,683.072005,606.043177,530.085268,474.783541,382.492026,301.482339,259.958565,164.558821,100.154539,0.000000,693.576750,607.541288,571.574027,456.467924,383.913135,322.432369,257.621303,177.131545,140.195880,91.644464,721.763975,616.992146,553.164684,501.792752,417.734043,335.923485,298.324739,220.885186,189.665891,147.727355,692.476685,661.841493,582.661749,515.172224,442.135597,411.019115,307.123901,279.854885,265.803008,231.578363,721.609158,663.163830,603.015506,524.275224,485.799193,418.760436,376.389304,336.747560,322.441568,300.461083,783.989884,704.947047,666.993076,599.111606,523.191366,500.912616,456.859486,415.557194,399.853669,385.428613,819.213810,734.745332,673.195033,653.443771,593.614844,568.800069,522.969595,493.660336,453.714134,447.904482,832.943410,795.736754,736.423139,676.269110,658.480634,606.525628,585.171048,570.251971,539.995241,527.877974,892.781926,817.996083,792.497888,752.574833,708.650502,672.013534,648.788204,636.378280,626.563658,625.943805,950.092792,864.146024,859.959905,810.876665,777.647693,766.978772,716.556430,687.764587,678.597848,705.619803
10,67.141064,105.926042,170.555204,228.818180,313.042060,393.438562,434.343573,529.760777,593.852738,693.576750,0.000000,86.770724,122.006228,238.922963,314.766551,373.462597,448.220493,524.985857,594.129068,650.668537,68.912046,105.638133,160.053896,239.555832,308.755078,387.978895,454.099925,560.654369,625.280787,693.087538,124.767225,147.392310,197.580763,264.756967,341.656477,398.921587,502.077367,578.279515,621.841194,692.963132,197.151372,233.644331,306.348804,335.260446,374.857417,456.505322,539.698479,582.069124,636.484641,713.904076,304.739100,336.068307,351.734208,367.168316,436.880436,478.551011,550.814966,601.999492,671.326151,737.294686,362.849425,360.161996,402.885459,458.914564,518.195984,549.892632,633.775752,696.130151,710.348097,779.911596,454.143610,479.905264,510.343635,509.907443,576.816841,588.050396,674.112520,718.764757,796.498782,837.344069,502.460352,529.976013,568.438899,612.942190,632.001579,642.913146,723.546538,771.713766,842.586308,875.416222,595.690478,596.817518,636.077356,650.194135,711.838525,741.731867,785.197193,816.625234,882.841481,951.904175
11,105.206494,66.368847,95.175677,151.026584,228.767311,308.389022,348.907965,443.468699,507.667451,607.541288,86.770724,0.000000,37.640551,152.185101,228.004086,286.811558,361.469410,438.267677,507.411057,563.897893,123.653691,58.253270,82.354472,163.599480,225.171589,302.424566,369.386864,475.225509,539.604803,606.732450,135.477160,135.146995,144.934338,196.553382,265.502366,322.081871,419.601090,495.568325,538.720837,608.445180,205.761635,213.323774,263.695684,274.252589,307.996398,382.706452,462.983996,502.653929,556.131377,631.747432,314.726254,318.567915,323.079602,322.099686,376.827883,415.008738,481.449210,528.273385,595.346279,659.025344,372.608767,347.732331,371.802851,420.071947,466.498172,493.503591,569.129222,626.675722,637.282355,704.308955,452.770771,466.987188,482.610980,471.644634,531.346839,534.865043,614.260798,655.322784,726.936084,765.096509,507.276357,515.545310,545.061051,578.803945,589.873540,595.069567,667.947423,712.034149,778.043463,809.029963,598.449508,583.066582,617.045009,621.692914,672.931510,698.973942,733.174538,759.446921,820.668531,887.905597
12,126.278683,63.463804,59.960657,113.903698,191.613311,271.632269,312.406139,407.839006,471.881454,571.574027,122.006228,37.640551,0.000000,118.328632,194.713646,252.075375,328.038469,403.725517,474.103589,529.879744,161.010124,80.879768,72.925359,148.508338,199.254811,272.652504,340.726533,445.144379,508.994845,574.650470,166.295896,159.551969,149.687006,187.076379,247.290365,302.456421,393.616828,469.052022,511.625167,579.493206,232.865433,230.193538,268.361472,267.684085,296.653043,365.102880,442.394873,479.473247,531.885798,605.519187,339.741763,333.630686,333.220199,324.092209,369.134854,404.611995,466.495316,509.804245,574.825079,636.410348,396.766429,364.316471,379.981270,423.831847,462.891848,486.935232,556.919348,610.954440,618.903009,683.790337,472.268601,481.918916,491.041321,475.151147,530.642710,529.875891,604.870037,643.510773,710.820174,746.978836,528.554362,529.450435,554.940024,583.499767,590.530158,592.682062,660.853980,702.350775,765.130582,794.845024,618.446797,596.787016,628.355992,628.781517,674.777663,698.754021,727.860949,751.095475,809.135150,875.078026
13,241.295084,167.692769,98.249013,80.703491,89.375777,161.587017,200.213129,292.031147,356.385686,456.467924,238.922963,152.185101,118.328632,0.000000,76.404751,134.731500,209.728583,286.084091,355.791974,411.826475,266.129762,163.553777,103.218398,102.203790,97.866201,157.744605,226.840843,328.680016,391.865665,456.506944,246.728254,223.505636,164.736992,145.983601,165.268512,211.492849,284.032197,357.712357,399.037985,464.012358,294.670746,261.115190,256.610439,220.553983,231.207483,276.708589,343.995376,374.579184,424.288122,493.909480,386.589763,347.989758,331.902066,297.861268,309.465218,335.028404,381.947922,415.311981,474.659815,531.284690,437.703112,381.445929,368.997819,396.329289,410.951616,425.347493,477.659351,521.719071,523.162539,582.698263,493.875645,487.736229,475.311476,444.499633,485.079783,471.589025,532.347971,563.836779,619.523374,650.730913,554.510167,530.178958,541.692319,552.985651,547.423138,540.418432,593.714499,627.518838,681.203709,707.504298,637.589865,594.963799,617.816669,604.655280,633.434154,650.777458,664.690163,679.240905,728.309965,790.479796
14,317.122709,242.395033,169.288672,132.468935,67.875194,102.744781,134.882408,219.454733,283.796453,383.913135,314.766551,228.004086,194.713646,76.404751,0.000000,61.947039,133.482609,210.962957,279.502736,335.953536,338.023807,233.080728,169.386302,131.812003,68.529221,87.280380,155.810651,253.843340,316.302888,380.154021,310.715873,282.768878,210.768909,163.407579,140.404323,169.461877,216.930934,287.755494,327.585551,389.745616,348.959555,303.044349,274.969656,218.401478,212.320400,232.145680,286.883946,310.631398,357.229517,422.864468,429.909778,375.239058,350.727700,302.886075,288.485010,304.278279,336.379022,360.149705,413.632212,465.533336,476.214488,408.653568,379.584265,394.505615,390.805187,397.254466,434.059723,469.235012,465.311433,519.920251,519.770485,504.242752,478.400839,438.518738,467.154498,444.598852,492.998782,518.383609,564.282990,591.349176,581.515687,542.325580,544.532164,543.923246,529.658688,516.190433,557.418820,584.925888,631.113152,654.595965,658.912408,603.997431,620.759834,598.830966,615.211903,627.582596,630.315049,638.267756,680.156492,739.055443
15,370.834216,294.523112,218.937005,172.052868,81.197865,53.758839,75.568702,157.877498,222.278143,322.432369,373.462597,286.811558,252.075375,134.731500,61.947039,0.000000,79.364116,151.654212,223.721441,278.082754,399.331911,294.744623,231.238790,190.004786,113.973147,75.088760,128.161874,209.922078,268.593126,327.192226,372.608495,344.276706,270.441097,216.190376,173.160852,183.732812,193.011339,255.333966,291.108233,345.607736,409.407992,360.509460,323.798732,258.841130,242.367529,238.257019,275.105338,288.137878,328.496942,385.827938,486.865412,426.273598,398.167849,344.087509,312.903385,320.004085,336.543483,348.484322,393.042615,437.218978,531.123588,459.278843,422.186981,429.363613,412.669499,412.433517,433.802915,458.567686,448.122054,495.392514,568.776652,548.491415,515.037786,469.800932,489.231143,459.708197,495.970086,514.779059,549.093715,570.716383,630.664065,583.749431,580.237727,571.540307,550.928832,532.436642,562.417068,583.443600,621.222297,641.316972,704.677437,643.040915,655.830860,628.166633,635.138769,643.365029,636.295652,637.859538,671.967002,726.848535
16,448.946169,373.057124,297.858578,251.333920,158.999530,98.564080,78.937028,98.982730,159.576362,257.621303,448.220493,361.469410,328.038469,209.728583,133.482609,79.364116,0.000000,80.638318,146.065232,202.746656,469.111050,363.414201,299.157023,244.173920,160.156651,80.659796,80.123866,133.274370,189.665492,248.176237,435.767073,404.465909,325.068093,259.266391,193.593744,179.382156,138.053849,186.906916,218.278364,267.632019,464.165031,407.488663,355.092242,280.525830,251.076521,216.317436,228.097832,228.452520,261.447831,311.454107,530.675493,458.636789,424.803264,362.476202,309.044649,304.301497,300.523289,298.259623,332.289280,368.822816,569.676214,490.240242,440.246689,435.418376,401.103169,392.127069,393.972276,406.618790,389.692397,429.561354,595.065143,566.715645,521.747595,469.616194,475.856774,437.948309,458.499773,469.469335,491.246517,507.592949,656.502788,596.800246,584.416124,564.126004,535.226325,510.521523,526.154999,539.467336,567.877353,584.434152,723.660882,651.509273,658.019792,622.322546,616.356394,619.125711,600.173642,594.419497,619.890847,670.372848
17,521.561932,444.830504,368.731547,317.830131,223.224052,147.008623,108.624974,34.246146,80.776941,177.131545,524.985857,438.267677,403.725517,286.084091,210.962957,151.654212,80.638318,0.000000,77.835331,126.943367,548.452929,442.968112,378.787041,324.753436,240.622735,159.136577,131.877626,110.858162,143.520913,183.823500,516.299433,485.103190,405.548410,338.507699,268.342365,244.422348,165.020068,181.049561,197.377989,223.690625,544.483104,486.682072,430.215471,353.233270,318.920272,266.989793,252.966835,235.006757,251.352005,280.010562,608.709294,533.244440,497.400743,432.194532,367.686131,354.747245,332.848469,313.821680,330.078980,350.472145,645.953376,564.085694,508.703782,497.264789,451.566781,435.726629,418.157599,415.086696,389.023460,414.626691,666.230036,634.019918,582.795189,526.893566,523.253215,479.053184,483.459226,484.925952,488.688021,495.899011,727.129759,660.956984,643.140193,614.809380,579.662107,549.944670,550.951784,555.059145,570.566287,581.626707,790.391201,712.424765,714.706808,673.515065,656.966422,654.686259,623.856079,609.717706,623.556869,666.996635
18,594.498725,518.243385,442.551165,393.366381,299.019234,224.511008,186.455982,96.535926,82.876347,140.195880,594.129068,507.411057,474.103589,355.791974,279.502736,223.721441,146.065232,77.835331,0.000000,60.248296,613.025409,507.195035,443.005494,381.631858,297.783226,213.483329,163.920822,81.985715,76.897348,106.039333,575.712862,542.601700,460.496245,388.433443,310.242691,274.032694,166.928174,147.780288,147.038950,152.631144,597.144464,534.544910,468.538808,388.812237,348.236237,278.599368,239.576346,205.918734,205.335798,215.104163,651.927287,569.070663,529.869890,460.981167,383.066666,360.993042,320.951984,286.734776,286.055417,292.622956,684.365936,598.045946,534.076977,513.268824,454.460044,431.362867,394.513235,377.054146,343.978568,357.614083,694.202091,655.911302,596.259661,536.333642,520.903921,470.769141,458.655647,451.217437,439.585164,439.721361,753.650087,677.808876,652.673366,614.676409,572.910528,538.279826,524.520792,520.034806,524.290509,530.860960,809.987081,724.147014,720.763878,673.201267,644.845896,637.267200,595.156192,573.556591,577.361108,614.850224
19,648.462650,571.764584,495.674794,444.473490,349.863089,272.015964,231.642363,133.106967,87.056739,91.644464,650.668537,563.897893,529.879744,411.826475,335.953536,278.082754,202.746656,126.943367,60.248296,0.000000,671.427999,565.624359,501.370667,441.392095,357.363060,273.141056,223.947780,133.423174,98.216944,75.398425,635.277685,602.419903,520.525582,448.670157,370.342805,332.988013,221.811297,188.558323,174.634598,150.165209,657.354611,594.762289,528.051280,448.132125,406.718545,333.544239,285.947358,245.169589,231.919309,218.885731,711.806790,628.065400,588.342785,518.903047,437.982177,413.099593,365.895359,323.929236,310.488398,302.459320,743.632072,656.671760,590.976749,567.568046,504.332558,478.274674,431.407910,403.999857,365.699235,366.514076,751.373263,711.520013,649.335686,588.224611,567.938772,515.361546,493.828929,480.211575,455.409438,447.928572,810.349935,731.772564,704.067105,662.138639,617.425270,580.473070,557.818941,547.109528,541.650546,543.707358,864.546532,776.139618,770.495436,720.289087,686.024120,675.405006,626.195315,599.163784,594.213199,625.391399
20,135.553958,166.354899,218.282716,274.679832,349.109281,426.842003,466.226377,557.208828,621.609994,721.763975,68.912046,123.653691,161.010124,266.129762,338.023807,399.331911,469.111050,548.452929,613.025409,671.427999,0.000000,105.830714,170.059801,238.900984,317.925722,401.218795,463.242325,571.165911,636.339478,707.547208,70.899661,104.493880,177.016712,252.914133,336.191378,392.811514,504.509424,580.388927,624.569575,699.178587,135.348833,185.022473,268.789353,312.221318,356.532006,444.704013,530.835531,577.266328,632.928246,713.592615,239.270034,281.256361,302.842810,329.109952,409.813570,454.130783,531.754559,587.959367,659.911382,729.108364,296.787110,302.260249,354.198009,414.155453,482.108800,517.398955,608.367262,675.621693,694.384244,767.117312,390.580419,420.510195,457.937696,463.951920,535.071301,552.278058,643.458529,691.319718,775.391733,819.425821,436.762528,470.775645,513.116656,563.220183,587.298104,602.272748,688.580692,740.136997,815.473370,850.138661,530.147344,536.851502,578.169449,596.933168,664.350832,696.627241,746.779436,782.443447,853.055881,923.670198
21,149.921926,124.599037,139.642798,188.140490,250.089802,325.138788,363.480656,452.522850,516.876407,616.992146,105.638133,58.253270,80.879768,163.553777,233.080728,294.744623,363.414201,442.968112,507.195035,565.624359,105.830714,0.000000,64.265416,136.785134,212.774872,295.614598,358.520814,466.291996,531.416298,602.069022,87.922251,78.865176,94.315067,159.180700,237.701983,294.979865,402.216848,478.393246,522.371069,595.707875,151.997975,155.084288,209.980160,230.558486,269.284199,351.331769,435.284024,479.005187,533.987444,612.956660,259.188815,260.395614,266.085555,269.708311,332.764249,373.605961,445.185678,496.654937,566.473323,633.302236,316.543756,289.479261,315.458029,365.902297,417.677512,447.334471,528.763029,590.518223,604.853115,674.870803,394.875028,408.773833,425.919972,417.451325,479.845560,486.966994,570.450604,614.088154,690.894190,731.747722,449.912370,457.414794,487.785398,523.687378,537.216005,544.691695,621.574303,668.201626,737.717983,770.193313,540.722587,524.940118,559.330781,565.371889,619.321553,646.708063,684.951913,714.086356,778.606994,847.209273
22,187.538738,135.636373,112.790749,145.986951,192.102106,263.964150,301.302161,388.803335,453.099815,553.164684,160.053896,82.354472,72.925359,103.218398,169.386302,231.238790,299.157023,378.787041,443.005494,501.370667,170.059801,64.265416,0.000000,81.360890,150.012113,231.928048,295.930079,403.389016,468.411623,538.421123,143.582001,121.209311,81.445711,115.477962,183.577727,240.468087,342.146247,418.374338,462.055032,534.086568,194.045159,172.185475,197.478632,195.238254,226.426526,300.469653,381.472638,422.458128,476.603531,553.867029,292.297527,270.743596,265.471135,251.839219,297.195154,333.956835,399.168614,446.099733,513.679407,578.261927,346.557493,302.849367,310.459317,351.933589,390.061784,414.720143,487.483760,544.350744,555.059679,622.578933,413.554980,417.558461,421.253631,403.085089,457.744560,457.286499,533.824205,573.846164,644.595523,682.818019,472.030132,463.826288,485.926029,511.715688,517.744433,519.779051,588.886213,631.486853,696.248440,726.934882,559.536029,530.744038,560.203038,557.978817,602.151386,625.864607,655.402935,679.633390,739.340691,806.155971
23,268.656110,211.831153,168.791569,177.190005,180.946468,234.546138,265.275083,340.381654,403.196200,501.792752,239.555832,163.599480,148.508338,102.203790,131.812003,190.004786,244.173920,324.753436,381.631858,441.392095,238.900984,136.785134,81.360890,0.000000,84.319989,168.261452,225.619213,333.509435,398.652546,471.414345,194.340079,161.048022,81.222444,45.136653,102.383190,159.502035,265.832508,341.900178,385.982699,460.281122,220.700592,171.234171,154.484383,125.183406,148.559296,219.121166,300.464304,342.640175,397.373472,476.186486,298.104531,248.484493,230.047431,197.004237,223.142862,256.577452,318.563648,364.739328,432.516471,497.763116,345.097460,282.068411,266.870498,296.604218,320.766653,341.197601,408.411030,463.506157,473.708982,541.363935,394.333540,385.866595,373.890048,345.904884,392.197022,385.507316,456.942681,495.007788,563.652353,601.498083,455.526731,427.997874,440.158036,454.904524,453.780731,451.150769,514.145615,554.235478,616.695272,646.728836,536.858574,492.773836,516.143455,505.131414,539.404354,559.743181,582.456988,603.504515,660.635284,726.642860
24,325.497124,257.365015,194.322757,175.645762,134.545527,164.510805,189.075590,257.306521,319.531154,417.734043,308.755078,225.171589,199.254811,97.866201,68.529221,113.973147,160.156651,240.622735,297.783226,357.363060,317.925722,212.774872,150.012113,84.319989,0.000000,84.308646,145.924355,253.537816,318.645414,389.708765,277.937376,245.280490,164.927882,102.752271,73.861625,113.919341,194.607302,270.431510,313.556641,384.292612,304.041378,249.456727,210.188337,150.027073,145.238761,179.106432,247.148845,280.833774,332.693999,406.727427,374.762246,312.341055,285.150671,234.808688,222.606041,242.406335,284.473370,317.790855,378.696612,437.904969,417.658199,345.408920,311.969385,325.990518,325.164482,334.578982,380.745759,423.862641,426.009157,487.255100,455.340377,437.307008,409.905285,370.269890,401.102791,381.605538,436.757806,466.639590,521.817772,553.819181,517.212525,474.543865,476.012978,476.169500,463.696690,452.284601,499.380686,531.065597,583.433641,609.639800,592.710312,535.782098,552.233531,530.721622,549.517863,563.500683,571.290506,583.320970,630.768854,692.647061
25,397.992579,325.389401,254.638105,219.699226,143.403699,126.206258,133.080747,179.642367,239.401663,335.923485,387.978895,302.424566,272.652504,157.744605,87.280380,75.088760,80.659796,159.136577,213.483329,273.141056,401.218795,295.614598,231.928048,168.261452,84.308646,0.000000,69.200786,172.801688,237.301911,306.498145,362.229539,329.305556,247.929518,179.371289,114.069958,111.136095,129.742862,200.850099,241.473182,306.892472,386.094398,327.555866,274.795795,201.647837,176.526559,163.212269,204.077014,223.975952,269.952107,336.553348,450.156611,378.404376,345.449079,285.078160,242.103622,246.022616,261.998997,277.744634,327.719557,378.311940,489.045394,410.245501,363.297081,363.514488,340.008220,338.004885,359.524325,387.679260,380.663394,433.222575,516.130942,490.064078,449.819591,401.241488,416.336990,385.174042,421.243785,441.426751,480.637986,505.694551,577.759660,522.178769,513.945139,500.559281,477.618073,457.985599,487.512646,509.623814,550.251263,571.959059,647.013914,579.032401,588.772006,557.832880,561.319697,568.730252,561.339294,563.844381,600.351798,657.041524
26,466.480750,394.390647,323.832577,287.710838,206.117024,167.992575,157.507892,161.771302,210.338900,298.324739,454.099925,369.386864,340.726533,226.840843,155.810651,128.161874,80.123866,131.877626,163.920822,223.947780,463.242325,358.520814,295.930079,225.619213,145.924355,69.200786,0.000000,107.965496,173.147101,246.115721,419.348383,384.621071,301.165532,226.588002,146.418637,113.442783,64.851573,131.949096,172.273397,239.059605,435.353954,371.145696,305.164942,226.000101,188.348694,138.430573,150.517208,160.011751,202.524380,267.368490,488.032558,406.656461,368.836560,301.891271,236.330832,226.858305,220.600879,222.672009,264.889888,311.281078,521.284301,436.445899,377.597688,365.505610,324.000015,312.901544,314.900258,332.363176,320.105327,368.005758,536.104869,502.434812,451.213541,396.254767,397.807339,358.356148,379.085993,392.196639,421.254888,442.645843,596.618840,529.082614,512.165946,487.425264,456.439988,430.782036,446.630666,461.845904,494.734971,513.753371,658.638608,580.943345,584.492978,545.909941,536.883064,539.098653,520.700239,516.697434,546.044678,599.445534
27,569.880273,496.044222,422.999019,380.876421,290.970387,230.144081,201.391027,143.627260,158.494610,220.885186,560.654369,475.225509,445.144379,328.680016,253.843340,209.922078,133.274370,110.858162,81.985715,133.423174,571.165911,466.291996,403.389016,333.509435,253.537816,172.801688,107.965496,0.000000,65.182719,139.508738,526.922748,491.849253,408.115849,332.356901,249.323674,205.214931,88.808822,71.385192,88.512327,136.183699,540.289725,473.763285,400.954299,320.642548,276.888143,200.230476,157.764490,128.135475,140.555512,178.712179,586.131038,498.745442,457.844056,387.572864,304.600117,280.196430,239.258259,208.843112,219.335942,242.117263,614.928503,526.367278,458.372770,434.152227,372.831573,349.378205,315.839446,305.807595,278.276270,305.442035,618.882221,578.209136,516.167530,455.514954,438.919979,388.981196,380.628859,377.441152,377.833298,386.119951,677.479714,598.407938,571.654345,532.716165,491.084361,456.962897,447.318335,447.198896,459.856684,470.805445,731.127992,643.432643,639.181505,591.226572,563.719490,557.247985,519.097288,501.516142,512.884931,556.240433
28,633.156324,558.691270,484.837269,440.589578,348.653537,281.678099,247.999445,169.426932,158.150744,189.665891,625.280787,539.604803,508.994845,391.865665,316.302888,268.593126,189.665492,143.520913,76.897348,98.216944,636.339478,531.416298,468.411623,398.652546,318.645414,237.301911,173.147101,65.182719,0.000000,77.187670,591.904095,556.679255,472.858591,396.718262,313.015320,266.417243,146.096162,94.225438,76.555472,80.459587,604.067692,536.615371,461.226497,381.060452,335.702914,252.758124,193.353264,148.446528,134.454321,138.668871,646.712079,556.905100,514.884000,443.805373,355.195533,325.447423,271.104881,226.050662,214.174394,215.866193,673.340244,583.405146,511.754559,482.306480,412.960183,384.238055,333.314159,307.048627,270.833730,280.860546,672.060016,628.233905,561.497333,498.911267,473.639650,419.604168,395.612327,382.789061,364.343933,362.979991,729.422303,645.098297,613.648977,567.910094,521.380412,483.446135,459.698358,450.336414,449.689252,454.953088,778.562368,686.296183,678.036372,625.659190,588.545054,577.325798,528.434204,502.979617,502.647213,538.549774
29,696.890618,621.200865,546.015017,498.189346,404.179247,330.523946,292.390125,198.933138,161.543308,147.727355,693.087538,606.732450,574.650470,456.506944,380.154021,327.192226,248.176237,183.823500,106.039333,75.398425,707.547208,602.069022,538.421123,471.414345,389.708765,306.498145,246.115721,139.508738,77.187670,0.000000,665.420380,630.723934,547.169133,471.765962,388.811285,343.325159,223.267057,167.039743,137.153352,84.591430,679.798369,613.029524,538.360369,458.161714,412.890530,329.284107,265.207724,215.581245,186.791079,152.948635,723.832448,634.043329,591.904756,520.734520,430.867056,399.345910,339.354275,287.044209,258.759118,238.018965,750.486127,660.404223,587.968717,556.714862,483.895695,452.523316,391.001213,352.338325,309.656545,300.184890,748.066815,703.127708,634.414603,571.075895,541.071940,484.941866,450.065203,429.418242,392.847984,380.242741,804.955255,718.483032,684.673998,635.061604,585.596905,545.335875,510.915782,493.488509,479.445309,478.232632,852.099182,757.608291,747.029678,692.038914,648.336148,633.510069,576.033173,543.618128,531.245886,558.010534
30,189.895853,195.954538,226.101143,276.029370,335.135786,407.426239,444.226706,528.936443,592.843921,692.476685,124.767225,135.477160,166.295896,246.728254,310.715873,372.608495,435.767073,516.299433,575.712862,635.277685,70.899661,87.922251,143.582001,194.340079,277.937376,362.229539,419.348383,526.922748,591.904095,665.420380,0.000000,37.746675,120.380167,198.207763,283.373337,338.244522,454.568655,529.381158,573.645685,650.361185,74.124289,114.156725,199.147562,248.311833,294.585810,385.542213,472.675658,521.378664,577.476650,659.880332,183.948559,212.513968,232.218338,259.022155,342.895329,388.071599,467.775599,526.321088,599.389721,670.182963,242.429072,235.575352,283.607298,343.260890,412.056946,448.153500,541.251804,610.361411,631.248656,705.407034,330.400095,355.167726,388.423222,393.124632,464.218589,482.185678,574.489780,623.276009,709.616500,754.983849,380.675013,405.271207,444.943924,493.006391,516.429342,531.469818,618.507461,670.787933,747.351050,782.600411,473.461214,472.059169,511.662914,527.851465,593.764949,625.798474,676.135457,712.456071,784.077300,855.079221
31,208.173524,200.274159,217.391712,262.352492,312.816534,381.884144,417.319661,499.121894,562.637142,661.841493,147.392310,135.146995,159.551969,223.505636,282.768878,344.276706,404.465909,485.103190,542.601700,602.419903,104.493880,78.865176,121.209311,161.048022,245.280490,329.305556,384.621071,491.849253,556.679255,630.723934,37.746675,0.000000,83.982530,161.512939,246.741002,301.136332,418.201850,492.703222,536.946359,614.031017,74.300642,86.348125,164.420390,210.697744,256.847391,347.846265,435.021538,483.925946,540.054224,622.659424,180.324875,190.328105,204.359196,224.949660,306.114216,350.998173,430.260078,488.598021,561.643621,632.461047,237.782854,216.752712,255.565973,312.751999,377.833660,412.905128,504.615570,573.126125,593.650309,667.699443,318.479073,336.916605,363.092966,363.363391,432.367347,448.010176,538.990828,587.124806,672.531881,717.593355,372.230600,386.457835,421.979621,465.617243,486.082206,499.219720,584.276555,635.643176,711.258171,746.192129,463.729602,453.813094,491.003938,503.000010,564.984916,595.724950,643.151074,678.083423,748.594071,819.299285
32,243.976594,208.220092,194.236024,223.676161,252.022571,312.897970,345.302625,421.586665,484.290981,582.661749,197.580763,144.934338,149.687006,164.736992,210.768909,270.441097,325.068093,405.548410,460.496245,520.525582,177.016712,94.315067,81.445711,81.222444,164.927882,247.929518,301.165532,408.115849,472.858591,547.169133,120.380167,83.982530,0.000000,77.842043,162.994928,218.090373,334.300521,409.004900,453.267760,530.123735,139.481157,96.397101,119.250970,137.978825,180.058668,267.780663,354.243404,401.820453,457.796925,539.770342,222.231952,189.889018,184.294494,177.167262,239.300783,281.302021,355.985374,411.033036,482.899435,552.373624,273.007367,222.419601,230.321979,275.497779,323.462390,353.114888,436.501580,500.701312,517.859358,590.153214,333.944388,336.172672,341.366732,327.028196,386.688268,392.666618,476.678296,521.243430,600.873060,643.564502,393.318385,382.385773,405.467657,434.729567,444.955270,450.972297,527.289489,574.358076,645.142995,678.332770,479.512570,449.337349,479.316734,479.206260,528.044622,554.128895,590.705781,619.901048,685.267955,754.370876
33,301.390840,250.451594,212.705562,222.231795,219.535765,264.880891,291.594994,357.801623,418.652323,515.172224,264.756967,196.553382,187.076379,145.983601,163.407579,216.190376,259.266391,338.507699,388.433443,448.670157,252.914133,159.180700,115.477962,45.136653,102.752271,179.371289,226.588002,332.356901,396.718262,471.765962,198.207763,161.512939,77.842043,0.000000,85.228412,140.409493,256.743865,331.218060,375.472596,452.563770,208.857980,148.234708,113.044204,81.432604,111.516904,192.724674,278.074370,324.546074,380.391416,462.039161,272.320693,211.834631,189.167388,152.129241,182.059273,218.569616,286.429062,337.643038,408.162685,476.400111,314.985755,245.270186,223.406930,251.508276,277.463459,299.924242,372.602572,431.845739,445.688715,516.203837,356.667184,344.465674,329.369110,300.769991,347.949475,343.326450,418.346384,458.769892,532.237303,572.587114,418.317323,385.386709,395.726210,409.778149,409.287357,407.780789,473.779178,516.013150,581.569137,612.936977,497.263073,449.523439,471.834041,460.041219,494.773801,515.757073,541.007900,564.230028,624.144774,691.399187
34,370.202531,309.532218,255.596538,245.541421,207.716819,226.692769,243.220357,292.012420,349.105111,442.135597,341.656477,265.502366,247.290365,165.268512,140.404323,173.160852,193.593744,268.342365,310.242691,370.342805,336.191378,237.701983,183.577727,102.383190,73.861625,114.069958,146.418637,249.323674,313.015320,388.811285,283.373337,246.741002,162.994928,85.228412,0.000000,57.297840,171.601972,246.010538,290.272841,367.386612,291.062679,224.980197,161.930777,87.692453,71.919232,117.814121,198.110016,241.508556,296.878173,377.544557,342.135325,265.249119,231.411146,172.020742,148.758619,170.017533,220.409227,262.925129,330.139497,395.708652,377.656402,296.666229,250.356858,256.708753,251.312831,261.412548,314.012789,363.940783,372.014809,439.009759,402.061792,377.095114,342.040791,298.959356,327.325217,308.238481,367.297610,400.587692,463.612761,499.993790,463.702993,410.960183,407.506843,403.621097,389.908001,378.588077,428.454296,462.998112,520.141156,548.563165,533.877484,469.880644,483.355566,458.868447,475.691633,489.739037,499.619146,514.280774,565.841104,629.942082
35,426.433565,363.917496,306.158912,289.445216,236.680747,236.560110,243.483795,272.489627,323.664854,411.019115,398.921587,322.081871,302.456421,211.492849,169.461877,183.732812,179.382156,244.422348,274.032694,332.988013,392.811514,294.979865,240.468087,159.502035,113.919341,111.136095,113.442783,205.214931,266.417243,343.325159,338.244522,301.136332,218.090373,140.409493,57.297840,0.000000,121.131824,192.614250,236.627280,315.158119,340.513201,270.991266,195.808447,115.528902,74.926133,65.218224,141.006442,184.500889,240.126413,321.680889,380.919110,295.091800,256.053432,188.465405,131.267286,136.788678,170.554312,207.433941,273.270604,338.413409,410.708517,324.068958,264.326299,256.036432,229.099153,229.745482,267.038116,311.082944,316.492180,382.227085,422.669921,389.677730,342.369960,291.261384,305.580430,277.165416,324.206102,352.760775,409.942670,444.587239,483.186985,417.954194,405.305845,389.457834,367.197434,349.570484,388.080369,417.605447,469.748718,496.594633,546.246443,472.127296,479.397372,446.848231,451.497257,460.818895,460.863517,470.261372,516.871643,579.137094
