node_id,0,1,2,3,4,5,6,7,8,9,10,11,12,13,14,15,16,17,18,19,20,21,22,23,24,25,26,27,28,29,30,31,32,33,34,35,36,37,38,39,40,41,42,43,44,45,46,47,48,49,50,51,52,53,54,55,56,57,58,59,60,61,62,63,64,65,66,67,68,69,70,71,72,73,74,75,76,77,78,79,80,81,82,83,84,85,86,87,88,89,90,91,92,93,94,95,96,97,98,99
0,0.000000,39.371614,104.060748,218.783315,295.510196,343.371425,440.649500,502.307887,585.473681,644.432747,65.428433,98.019583,155.310959,202.960544,272.736237,355.635188,461.767916,509.551836,577.404439,693.425535,147.395581,180.345847,222.893217,286.799752,328.879596,400.615376,490.977334,545.211902,587.242590,678.338949,214.254436,268.304365,275.173605,304.032823,377.219024,455.393606,488.101138,560.312832,638.734558,724.165317,281.090339,321.191115,344.087455,369.585829,418.573655,483.823102,559.936935,635.081169,684.563887,764.949960,388.201742,386.381130,415.471721,430.957040,476.313584,512.238333,591.584277,652.768703,730.040451,797.949940,429.312400,482.292798,454.545962,499.779961,545.646160,607.010565,643.067021,723.551020,771.315944,827.475812,518.292085,534.420208,554.665503,580.082751,638.371180,644.706159,724.737290,736.537486,793.579418,892.619545,622.445884,622.455096,614.874308,672.291202,674.844778,707.108234,784.895163,848.137883,884.983737,941.149778,680.108221,665.947277,711.035102,717.932118,752.986384,785.606859,832.001013,886.069165,957.594605,990.634892
1,39.371614,0.000000,68.032310,180.444559,258.003428,305.797580,402.631411,464.228846,547.055742,605.897592,86.166985,92.039145,133.729020,171.907558,238.103104,321.684318,425.310132,473.205445,540.332027,656.681785,167.814068,172.831279,208.088185,260.960430,301.766955,368.541943,458.503599,511.605937,552.140406,643.459271,228.662160,264.364688,265.676236,285.927525,353.911336,427.427714,458.995507,528.085365,605.342265,691.080188,293.344159,320.605946,334.410713,355.134199,399.177113,458.978384,532.335575,606.805519,654.988040,733.230998,398.406778,389.005182,411.082747,416.974904,459.764740,491.453828,567.542219,626.702666,703.018717,769.288377,439.515612,482.198086,451.588828,490.463477,529.812961,588.266828,621.459990,699.481667,744.343655,799.296283,525.560980,536.176689,549.784147,570.446869,625.047618,629.168876,706.921053,715.257467,770.124500,867.699485,629.415834,623.470091,613.053653,667.055035,665.087790,693.845563,768.121297,828.525700,862.820429,917.705947,688.284347,669.547166,709.626624,713.262659,744.343706,772.370445,815.869619,868.416369,937.876331,969.434693
2,104.060748,68.032310,0.000000,116.200060,191.594641,239.460829,337.018737,398.707468,482.285139,541.425469,122.026211,86.671911,85.968816,106.320763,170.080265,253.726675,357.815261,405.647044,473.343779,589.407760,189.040592,145.622227,165.077390,199.750169,238.650371,301.207084,390.913004,443.664662,484.152034,575.447471,234.399662,236.306912,228.364055,234.585271,294.569986,362.831978,393.393485,460.554789,537.429129,623.225317,291.831612,295.875870,294.546709,307.614805,344.230862,397.237257,467.783251,541.590480,588.798783,665.833338,389.989116,367.737381,377.871465,369.178219,407.966369,434.071563,506.231286,563.303610,638.681162,703.632489,430.241676,454.730170,419.969179,448.549726,478.410303,532.842012,562.578461,637.831153,679.999888,733.965052,509.823071,511.034874,513.939963,527.328285,576.411629,577.582192,652.168858,656.478178,708.959002,805.006481,612.051871,596.250452,581.397410,629.743516,621.172643,644.955132,714.455295,771.356795,802.824227,856.352629,672.513266,646.185165,677.925712,676.527065,701.615013,723.208757,762.865319,813.440638,880.397296,910.302420
3,218.783315,180.444559,116.200060,0.000000,79.373800,126.391355,222.267425,283.814549,366.694679,425.659926,234.920184,185.900980,137.179489,83.553947,81.745963,159.409329,248.409367,296.329664,361.301341,478.170160,289.948418,204.842380,190.924864,161.572831,184.407540,213.695010,297.676861,344.567951,378.852876,470.333748,318.560942,275.907485,252.128498,223.991866,249.969779,290.736777,314.644991,366.656513,437.923116,524.033262,363.460802,334.077971,304.070932,297.761280,310.280827,336.360658,392.259180,461.306067,502.704102,571.062684,446.638954,406.036847,394.011565,353.428198,379.117306,387.172612,443.200341,490.809981,561.037918,619.178696,483.791557,477.481508,436.666599,442.272023,447.335815,488.470609,506.618366,570.838088,601.836696,650.827314,550.436223,535.683105,517.952422,515.037820,549.291983,542.762035,606.890974,598.968333,642.685671,732.199572,647.034190,614.405610,591.555639,627.142755,604.252133,615.482861,671.101231,717.143475,739.419875,787.893909,708.756876,670.057187,685.551310,674.032351,685.609254,691.514946,720.561364,765.046630,824.059709,848.661826
4,295.510196,258.003428,191.594641,79.373800,0.000000,47.866971,145.750975,207.407995,291.635806,351.024499,304.350756,249.339789,187.869249,119.799621,53.853282,91.744037,169.036381,216.956910,282.471626,399.139797,348.947503,246.318208,215.749362,148.195272,151.556126,147.411169,224.297572,267.677986,299.849308,391.256112,365.419078,297.797098,266.416530,218.759669,215.485332,231.873984,250.079417,291.964388,360.402961,446.367071,400.144619,350.511792,303.638410,284.397381,278.486469,283.445366,327.706787,392.787112,430.684104,494.827287,470.040711,418.611857,392.173468,331.813971,346.873941,341.940483,385.457445,426.388400,492.940830,547.226394,503.883322,476.671325,433.259031,422.907449,410.792449,441.821972,452.082161,508.627915,533.142588,579.345369,559.762854,534.395752,503.069823,489.169397,512.628876,501.161299,557.419403,542.054261,580.166539,665.483726,650.395850,606.802694,578.988429,605.212652,573.207826,575.989767,621.969738,660.945179,677.756245,723.171656,711.970913,665.322121,669.473754,651.340473,653.784421,649.461361,671.517520,711.884287,765.822487,787.309871
5,343.371425,305.797580,239.460829,126.391355,47.866971,0.000000,98.206712,159.757126,244.283889,303.740350,351.393150,295.369331,231.684116,162.907402,88.497051,76.495399,123.134417,170.737148,234.928667,351.780674,393.235313,286.191675,250.467017,169.872832,160.773959,126.019597,189.933444,227.497964,255.361214,346.380327,405.585744,328.946154,294.968929,239.583241,218.372821,213.646252,225.472898,254.763027,318.656287,404.131715,436.044268,378.103706,323.795876,297.892283,280.389626,268.871050,301.420289,361.706367,395.608930,454.501838,499.366677,443.246320,409.616663,338.845922,346.483540,332.147540,364.592552,399.009178,461.550062,511.686514,531.307775,493.463178,449.170788,429.502167,406.131160,429.241073,433.106434,482.599818,500.957294,544.184652,581.231528,550.299874,511.345407,490.671735,506.544431,491.661550,541.505509,520.319648,553.432206,634.640054,667.979086,618.449706,587.912345,608.116339,570.409958,567.314250,605.867014,639.098339,651.316618,693.930422,729.110159,678.226075,675.576872,653.415825,649.847654,638.425850,655.195135,692.205332,741.905139,760.762832
6,440.649500,402.631411,337.018737,222.267425,145.750975,98.206712,0.000000,61.691619,146.106418,205.584079,449.562543,393.104578,328.085614,259.363361,182.836687,130.610088,57.914186,91.875779,142.677320,259.471281,489.479745,378.680587,338.133330,247.076175,224.038948,147.099471,159.474994,171.337099,179.357653,265.697422,497.496112,410.773828,374.280720,311.086698,265.513568,221.647377,216.785550,206.503574,250.711822,331.966483,522.552221,454.237034,390.765999,355.975225,320.610982,278.401252,280.770056,324.715022,346.007898,387.553671,576.209686,513.925088,469.920121,384.536372,378.668331,346.897637,353.242656,370.105044,420.058136,457.721066,604.979242,550.883577,506.057201,471.036963,427.504638,433.500974,423.100549,454.224120,456.352016,490.672042,644.987608,605.259080,553.770048,521.161998,521.815570,500.348991,535.128667,501.241189,521.590685,591.095263,724.271058,665.002748,630.057292,638.779097,590.747416,575.824391,597.691343,617.321178,618.457636,653.620899,784.035899,726.243777,711.239317,681.771274,666.467011,640.611139,645.659783,674.582387,713.846839,726.249852
7,502.307887,464.228846,398.707468,283.814549,207.407995,159.757126,61.691619,0.000000,85.152797,144.581841,510.921921,454.015362,388.193896,319.673758,242.728612,181.948943,72.117755,67.450755,87.934499,201.888707,549.247867,436.519897,393.799599,299.502642,271.583420,183.736373,164.066129,153.274452,141.089876,218.398479,554.624308,462.927810,425.523488,359.559735,303.980140,242.694396,228.359895,190.960346,215.251118,290.114070,576.541499,503.045197,435.585877,396.932787,353.389464,296.247480,279.580029,309.907379,321.195572,348.573358,624.529712,559.270352,510.089077,418.354174,405.249111,364.574108,354.634584,359.205201,398.965119,426.993258,651.344643,588.521037,543.896318,500.810444,446.603486,442.164481,423.075547,441.338490,432.274996,459.725686,685.443362,640.976164,582.833186,543.752549,535.333672,510.248538,534.991694,493.538908,505.062816,565.690362,759.871792,695.319557,658.107742,659.944195,606.285319,584.352460,595.448775,606.057571,599.893925,629.719934,818.479814,756.952145,734.709975,701.117691,678.843698,644.353272,641.940271,665.352564,697.460630,705.529398
8,585.473681,547.055742,482.285139,366.694679,291.635806,244.283889,146.106418,85.152797,0.000000,59.491506,595.666116,539.059297,473.345751,404.821237,327.880163,264.791441,148.351760,118.334245,69.444537,141.633517,634.360919,521.102228,477.449976,381.780227,351.276585,258.911959,216.252287,182.207348,141.291088,185.572085,638.806690,544.334620,506.461767,439.005848,376.857808,303.221867,280.982966,216.887854,207.090259,263.022025,658.894237,581.941837,511.793446,470.408417,420.617265,351.314118,315.006784,325.993872,321.924389,323.849612,702.625297,635.179612,581.861560,485.416464,465.738469,417.112153,389.371023,378.113809,401.751125,413.666162,727.749295,657.434691,613.315464,562.959259,498.666628,482.725783,453.722171,454.522446,429.371566,445.064651,756.462514,707.716934,643.391456,597.985745,579.649679,550.804303,562.826917,512.394344,511.383490,557.460845,825.859059,756.278918,716.969516,711.353553,651.923717,622.060017,619.517561,617.833392,601.360926,622.724320,883.038398,817.945608,788.057480,750.116759,719.972723,675.355240,663.378834,679.054556,700.674105,702.293482
9,644.432747,605.897592,541.425469,425.659926,351.024499,303.740350,205.584079,144.581841,59.491506,0.000000,655.131610,598.546051,532.729096,464.248447,387.267329,322.738842,204.948613,169.474728,104.548800,115.696195,693.641177,579.862059,535.542108,439.119487,407.230431,313.231284,261.079552,217.901582,166.261201,180.252655,697.207596,600.862760,562.745632,494.522364,428.929608,349.623750,323.786975,248.318151,218.212119,255.901840,715.946174,636.793441,565.140759,522.278712,469.177159,393.887618,347.297137,346.127921,332.106411,315.616757,756.759871,688.015340,632.246138,533.408669,509.984950,457.217717,419.324617,398.438425,410.767577,411.058523,780.731337,705.765196,662.119591,607.496126,537.531957,514.691566,479.904539,469.355925,433.783655,440.768115,805.870400,754.496963,686.499968,637.376609,612.926017,581.970215,585.668954,530.000763,520.579262,555.836558,871.814007,799.169972,758.661075,748.271543,685.480562,650.729137,639.267999,629.341974,605.974914,621.167478,927.914501,860.653952,825.879071,785.273887,750.158684,699.198199,680.960498,691.270941,705.493736,702.601285
10,65.428433,86.166985,122.026211,234.920184,304.350756,351.393150,449.562543,510.921921,595.666116,655.131610,0.000000,61.930197,132.306552,194.924540,271.081831,349.388227,462.726146,509.506444,579.976092,693.726574,82.809153,132.403600,182.471678,262.602183,305.994778,387.985992,478.134615,535.123437,581.725091,671.409520,148.853284,212.739447,225.539337,265.484310,345.720583,431.888438,466.735623,546.062832,627.238048,711.230971,215.835889,261.881746,293.253125,324.304457,379.749943,453.582869,534.484222,610.504426,662.631953,747.964955,323.173990,324.418877,358.483454,384.227762,432.568246,474.544793,558.834973,623.454051,702.224779,773.343355,364.242184,421.629432,396.106817,446.973501,500.337021,565.412704,605.738719,690.051047,743.200559,801.681644,453.892091,472.457029,497.351557,527.167472,589.333409,598.420066,681.197089,698.194995,758.670851,860.014551,558.040725,560.733426,554.993417,614.899405,621.675094,657.717272,739.688132,806.776320,847.543619,905.729779,615.324044,602.812306,650.673001,659.965065,698.469646,735.929614,785.790767,841.764347,916.090899,951.342856
11,98.019583,92.039145,86.671911,185.900980,249.339789,295.369331,393.104578,454.015362,539.059297,598.546051,61.930197,0.000000,70.520546,135.315032,212.267220,288.704221,403.388373,449.739547,520.755944,633.692690,104.865140,82.650268,125.990637,200.932866,244.275281,326.252165,416.309027,473.479523,520.642511,610.031560,148.234296,172.815990,177.287098,208.355323,285.872949,370.415314,405.045171,484.152228,565.429923,649.333401,208.162678,228.573975,246.248382,271.896133,323.121072,393.575785,473.433338,549.355529,601.118690,686.077244,310.159136,297.184457,319.913962,333.099684,379.123974,417.497316,499.787297,563.379949,641.816562,712.289230,351.036808,390.178734,360.005398,402.132720,448.127217,510.661241,548.664878,631.400264,682.891965,740.870142,435.044754,444.170241,458.918418,482.396764,540.372179,547.041131,627.800884,641.700695,700.626140,801.136175,538.614243,531.430951,521.289480,576.399781,577.162662,609.100409,687.520448,752.030389,790.685173,847.977113,597.962497,577.725078,617.811818,622.387038,655.630850,687.594088,734.414149,788.969776,861.474509,895.473092
12,155.310959,133.729020,85.968816,137.179489,187.869249,231.684116,328.085614,388.193896,473.345751,532.729096,132.306552,70.520546,0.000000,68.805506,145.465672,218.943482,334.885534,380.706025,452.202898,564.265859,161.558999,69.495333,79.114751,132.529475,175.454626,255.733607,345.829866,402.962150,450.393594,539.598007,181.658707,153.790677,142.684001,152.439068,221.934311,302.079351,336.026252,413.815808,494.939580,578.953088,227.389166,213.888363,208.584174,223.394641,265.461011,328.580751,405.967539,481.572081,532.442099,616.242228,316.596759,286.540656,292.374430,285.223508,326.447235,358.067219,436.278289,497.777276,575.455580,644.578723,355.562630,370.414462,334.679947,362.922392,396.674281,454.540522,488.471285,568.251827,616.675456,673.632666,430.295255,427.283096,428.004910,442.006690,493.116529,496.042456,573.214426,582.145229,638.368065,737.322519,531.150291,511.648321,495.857767,543.780515,536.116364,561.837834,634.551357,694.921536,730.187397,785.956905,592.164966,562.680514,592.306663,590.558844,616.312570,640.276694,682.439361,734.709153,804.305857,836.336242
13,202.960544,171.907558,106.320763,83.553947,119.799621,162.907402,259.363361,319.673758,404.821237,464.248447,194.924540,135.315032,68.805506,0.000000,77.124395,154.913122,268.111931,314.651950,385.467964,498.813734,230.361340,127.872126,107.519591,96.924839,133.081751,197.676800,288.100885,343.065640,387.538142,477.862106,246.186673,192.587949,168.750518,147.271778,192.255562,256.512178,287.282870,357.363777,436.276303,521.452680,284.870294,250.532984,223.207049,222.473980,246.705229,292.033872,361.462499,435.363581,483.094422,562.037786,364.012967,322.499217,312.668873,281.326507,313.557169,332.596091,401.092179,457.137997,532.361490,597.587426,400.707072,395.458154,355.480192,367.373009,383.562906,432.841413,459.138408,532.349394,573.679632,627.790224,466.940484,453.574103,440.239562,442.909833,484.073076,481.631678,552.336640,552.920297,603.691051,698.995002,563.956200,533.645332,512.514373,551.985586,534.507928,551.771270,615.525367,668.936753,698.201031,750.902053,625.640780,588.398191,607.477209,599.006664,615.783766,629.246114,664.468370,712.936905,777.562211,806.181537
14,272.736237,238.103104,170.080265,81.745963,53.853282,88.497051,182.836687,242.728612,327.880163,387.267329,271.081831,212.267220,145.465672,77.124395,0.000000,83.927155,191.677230,238.719258,308.894286,423.068970,306.672493,197.703437,163.323490,96.134044,107.339574,134.836369,222.446623,273.761250,314.514262,405.619318,317.092147,244.350721,212.595981,166.107954,173.271765,209.093709,233.944972,292.112439,367.579746,453.515973,348.566045,296.673809,250.764734,234.138337,235.428665,254.865923,311.273665,381.477827,424.786233,497.496843,416.392320,364.822261,339.833708,284.599581,304.473373,307.414389,361.461041,409.614577,480.817564,540.909723,450.064881,424.357191,381.319498,375.288426,370.974451,408.564853,425.137396,489.238146,521.795450,572.180709,506.272373,482.268817,454.201253,444.311341,473.152783,464.607153,526.420814,517.309471,561.087664,651.334483,597.660212,556.128180,529.588329,559.014294,530.913924,538.272386,590.775291,635.581811,657.728363,706.545584,659.309020,614.066294,621.302631,605.516458,612.010172,613.418780,640.297945,683.922661,742.362287,766.941710
15,355.635188,321.684318,253.726675,159.409329,91.744037,76.495399,130.610088,181.948943,264.791441,322.738842,349.388227,288.704221,218.943482,154.913122,83.927155,0.000000,118.745098,162.539227,234.806215,345.381080,375.644097,258.330607,212.804100,117.589642,94.115549,55.768682,138.983710,189.940309,232.627760,323.123503,374.627309,281.231193,244.206514,180.512769,144.387970,140.852034,158.441704,208.513130,283.726820,369.614932,394.599548,323.635345,261.177771,229.428460,205.279754,194.253769,236.175388,302.725316,343.295243,413.789359,445.601391,383.830657,342.982760,265.530554,270.462609,256.133583,294.081068,334.929164,402.754190,459.774034,474.539536,425.567655,380.865118,355.472334,329.635878,354.165708,361.295446,416.930991,443.290918,491.464723,517.105262,481.374507,437.806003,414.802309,430.133344,415.762426,467.996074,450.619265,488.515455,574.811373,599.916783,546.393869,514.480574,532.446028,493.933690,491.291397,532.503535,569.537220,586.056848,631.928912,660.507138,606.777050,600.807465,577.516989,573.355192,563.023720,581.977512,621.047027,674.143806,695.605051
16,461.767916,425.310132,357.815261,248.409367,169.036381,123.134417,57.914186,72.117755,148.351760,204.948613,462.726146,403.388373,334.885534,268.111931,191.677230,118.745098,0.000000,47.971055,117.372170,231.785898,493.593141,377.042041,331.187931,234.207270,202.927135,112.104430,102.708573,115.108572,132.856588,223.401721,493.219634,396.118594,358.159207,290.704409,232.074382,172.981870,163.031384,149.215360,199.823079,283.807744,511.013290,433.808495,364.783850,325.232442,281.395953,228.169477,223.654545,266.919840,289.757119,336.930037,554.799061,488.423307,438.162855,346.325321,334.438427,296.863444,296.888921,312.201184,362.811905,402.819464,580.744467,516.407420,471.791374,429.402219,378.489958,379.582438,366.579478,396.309937,399.584632,435.740437,613.477158,568.897708,511.645246,474.422951,470.100366,447.041166,478.746312,443.598981,463.761167,534.394396,687.816714,623.939611,587.213557,591.287912,540.101433,522.100589,540.926276,559.470875,560.727348,596.559404,746.525963,685.523536,665.252651,633.253119,614.419213,585.356533,588.657668,616.881772,655.967080,668.683071
17,509.551836,473.205445,405.647044,296.329664,216.956910,170.737148,91.875779,67.450755,118.334245,169.474728,509.506444,449.739547,380.706025,314.651950,238.719258,162.539227,47.971055,0.000000,72.612601,184.353121,538.179551,420.241262,372.727489,274.426908,239.749192,144.395150,100.820175,86.408145,87.893676,176.752343,534.918968,433.601452,395.190808,326.160204,259.596291,185.538400,166.110291,123.936078,158.898508,240.399745,549.407479,467.724494,395.667739,353.054996,302.283431,235.761782,212.585612,243.256751,257.969778,295.677939,587.366834,518.580824,463.852290,367.097958,348.551865,303.062275,287.782346,292.042465,334.375549,367.413690,611.284900,539.102216,495.003539,445.461359,385.117095,376.638700,355.900028,374.581966,369.004204,400.340817,638.246592,589.485695,526.438861,483.534649,471.046872,444.865702,467.707741,426.198138,439.200263,503.258521,707.750924,639.297632,600.675766,598.533528,542.543854,518.441805,528.023102,539.184400,534.738529,566.647109,765.192555,700.994779,674.287790,638.733865,613.848182,577.433854,574.489685,598.234372,631.744945,641.213773
18,577.404439,540.332027,473.343779,361.301341,282.471626,234.928667,142.677320,87.934499,69.444537,104.548800,579.976092,520.755944,452.202898,385.467964,308.894286,234.806215,117.372170,72.612601,0.000000,117.122259,610.393402,492.781190,445.330387,346.955476,311.683410,215.747495,156.702146,115.028453,72.154742,132.367414,607.516523,505.359793,466.848773,397.399382,327.493087,245.363666,219.264172,148.273654,141.319802,206.997106,621.360792,537.956433,464.519993,420.330963,365.368219,289.429711,247.000050,256.685332,254.893081,266.976027,656.663362,586.592310,529.067911,429.326358,405.441482,353.326232,320.833011,308.738966,334.641526,351.804140,679.318763,601.666812,558.199045,502.951855,434.126594,414.894662,384.549865,385.737755,363.875617,383.909789,702.092157,650.055455,582.085711,533.855576,512.378733,482.786062,493.417150,443.150309,443.839552,494.142040,767.282634,694.811078,654.526159,645.827075,584.813883,553.438289,550.093092,549.495424,535.133946,559.120616,823.373637,756.336792,723.062560,683.741787,651.779864,606.033075,594.067737,610.501117,634.166744,637.591056
19,693.425535,656.681785,589.407760,478.170160,399.139797,351.780674,259.471281,201.888707,141.633517,115.696195,693.726574,633.692690,564.265859,498.813734,423.068970,345.381080,231.785898,184.353121,117.122259,0.000000,719.983375,600.402126,550.689872,451.710496,413.098431,317.314367,239.823975,181.936154,123.059270,77.984570,712.005451,603.743476,565.095790,494.712351,416.818015,323.686053,290.120629,197.382095,134.385993,145.415415,720.011219,630.058545,553.325327,505.835664,443.214413,354.543515,287.452301,264.161171,236.443043,202.973979,744.651797,671.447338,607.572000,503.411707,469.913227,408.595070,350.734654,314.196539,310.955804,300.651001,763.322921,672.885641,631.544362,565.495655,483.215574,446.525379,402.288372,375.145886,328.736011,328.991285,774.986203,716.122224,639.126439,581.879032,544.958415,510.615963,500.273781,438.171802,418.916494,444.874410,829.569603,749.555820,706.595968,685.488727,616.788336,573.639181,548.645232,528.858690,499.186748,509.922957,882.106322,809.857036,764.078471,718.391682,674.350414,613.685254,587.016417,590.999862,598.268979,592.172371
20,147.395581,167.814068,189.040592,289.948418,348.947503,393.235313,489.479745,549.247867,634.360919,693.641177,82.809153,104.865140,161.558999,230.361340,306.672493,375.644097,493.593141,538.179551,610.393402,719.983375,0.000000,121.710302,175.318293,271.322059,313.461291,404.939983,492.041306,551.210783,602.580291,689.227001,71.586335,169.697198,194.923065,252.095803,338.602358,432.969007,469.739924,556.653053,639.957287,721.004669,138.822875,205.639903,255.203014,295.415920,359.634220,444.374766,530.225442,606.098793,661.111362,752.054623,246.517762,258.743296,304.642012,350.305586,402.488964,453.378068,543.513032,612.120758,691.997387,766.858010,287.104950,357.876429,338.098805,399.944381,466.019663,536.171549,582.667465,671.690664,732.089258,793.272287,379.172868,404.860119,440.326990,478.620666,547.120883,560.883076,647.289656,672.381400,737.478484,841.373516,482.917183,493.138784,491.782392,556.592408,571.580332,614.137010,702.491821,775.246566,821.782142,882.605137,538.696076,531.365130,585.787421,600.167389,645.221882,691.183393,746.571451,805.281440,883.604996,922.082425
21,180.345847,172.831279,145.622227,204.842380,246.318208,286.191675,378.680587,436.519897,521.102228,579.862059,132.403600,82.650268,69.495333,127.872126,197.703437,258.330607,377.042041,420.241262,492.781190,600.402126,121.710302,0.000000,54.279791,149.912610,191.776989,284.109250,370.498517,429.809809,481.873973,567.869210,119.401527,92.281080,94.873167,135.390239,219.659640,312.069658,348.584223,434.944277,518.257178,599.366101,158.626410,150.798909,163.744145,191.983970,248.341008,326.900357,411.070737,487.177123,541.365062,631.103918,247.590417,222.196969,238.294413,252.332085,300.175779,343.208579,429.620046,496.184200,575.670922,648.996085,286.964407,311.286124,279.099348,319.509980,368.178363,433.048967,474.235294,559.985996,616.262978,676.259055,364.334145,366.691748,376.960231,399.790530,458.709949,466.578002,548.849919,566.287133,627.832321,730.068817,466.429664,452.924862,440.762030,494.285413,494.557148,527.344361,607.621608,674.386719,715.756683,774.528276,526.928743,501.434216,537.405687,540.443519,572.981592,605.770847,654.010794,709.549599,783.690836,819.128852
22,222.893217,208.088185,165.077390,190.924864,215.749362,250.467017,338.133330,393.799599,477.449976,535.542108,182.471678,125.990637,79.114751,107.519591,163.323490,212.804100,331.187931,372.727489,445.330387,550.689872,175.318293,54.279791,0.000000,98.981300,139.240824,233.486863,318.186028,377.775102,430.943553,515.810073,162.200481,85.080960,64.856440,83.013875,165.592255,257.882638,294.501758,381.705744,465.228906,545.770709,185.585775,143.382079,129.469978,147.209556,197.504580,273.090402,356.852181,432.974658,487.088114,576.958251,257.054488,215.811541,214.266583,208.969932,253.421999,292.181319,376.809141,442.637634,521.968197,594.931458,293.288270,294.057129,256.858019,284.145990,322.841740,384.670615,423.399054,507.725786,562.668644,622.356901,360.425042,351.581669,349.002064,363.548503,417.001808,422.021005,501.945496,516.124911,576.202084,677.753360,458.920489,434.588879,417.483727,464.666830,457.905400,485.804117,562.007416,626.045714,665.320786,723.270298,520.417476,487.008949,513.782937,511.452213,537.803902,564.337595,609.203035,663.214255,735.487132,769.691914
23,286.799752,260.960430,199.750169,161.572831,148.195272,169.872832,247.076175,299.502642,381.780227,439.119487,262.602183,200.932866,132.529475,96.924839,96.134044,117.589642,234.207270,274.426908,346.955476,451.710496,271.322059,149.912610,98.981300,0.000000,43.432696,134.578241,220.732896,279.919376,332.224202,417.968410,260.787825,163.771469,127.311474,70.687708,95.414151,169.634387,204.134303,286.179450,369.023118,451.197473,277.159853,208.917894,155.608360,138.578986,150.858741,198.049739,273.463401,349.044556,400.229016,485.768788,330.717010,273.395708,244.000615,192.023332,218.860939,235.711484,306.807953,366.098934,443.253252,512.051794,361.713231,328.513558,285.274446,281.612676,288.212663,335.929220,362.998125,438.647464,484.520868,541.130117,412.509185,386.317070,359.179193,353.486598,389.529604,385.562425,455.418971,456.875973,509.520294,606.749878,502.213630,460.080989,434.121162,466.231972,442.890299,456.641029,518.665706,572.370467,603.088701,657.031248,563.777543,517.932569,526.616680,513.017607,524.268442,533.662405,567.663141,616.026448,681.171336,710.578658
24,328.879596,301.766955,238.650371,184.407540,151.556126,160.773959,224.038948,271.583420,351.276585,407.230431,305.994778,244.275281,175.454626,133.081751,107.339574,94.115549,202.927135,239.749192,311.683410,413.098431,313.461291,191.776989,139.240824,43.432696,0.000000,96.302209,178.951819,238.543506,292.281173,376.569759,299.062567,193.877799,155.569175,87.981489,66.003809,126.682801,160.771285,243.343836,326.502271,408.167622,309.692214,231.468188,167.064242,137.197387,128.169894,158.963931,231.058490,306.325133,357.023034,442.348308,353.092034,289.907759,249.806514,180.437382,197.172677,203.386752,268.017139,324.985295,401.390932,469.297145,381.019600,333.142369,288.673401,271.557818,263.805469,304.628766,326.975683,399.310245,442.702877,498.626163,423.275385,389.685154,352.324739,337.982504,365.967944,358.402769,423.586446,420.543117,470.613329,566.408914,507.681653,458.054452,428.594747,453.694015,423.684239,431.490074,487.526243,537.313740,565.205752,617.862374,568.641778,517.584638,518.181795,499.897416,504.723360,507.192260,536.874581,582.988028,645.522059,673.359845
25,400.615376,368.541943,301.207084,213.695010,147.411169,126.019597,147.099471,183.736373,258.911959,313.231284,387.985992,326.252165,255.733607,197.676800,134.836369,55.768682,112.104430,144.395150,215.747495,317.314367,404.939983,284.109250,233.486863,134.578241,96.302209,0.000000,90.511208,147.351687,197.764725,284.776037,394.718418,289.631495,251.103076,181.787891,120.373095,87.643050,102.684074,159.699829,239.343503,323.997403,405.720512,323.562211,252.974765,213.204320,173.514474,143.494524,180.407207,247.646426,289.950342,364.689268,443.794148,376.519269,326.428949,237.613966,232.834475,208.815066,239.410563,279.165643,347.513308,406.123139,468.970339,405.650202,360.899054,324.025918,286.202379,303.892927,307.386103,361.216747,388.208520,437.501496,501.814432,459.140905,406.785487,376.527436,384.497920,367.466710,415.486190,395.730743,432.770514,519.282635,578.184953,517.903704,483.169820,494.449525,450.766394,443.319514,479.851067,514.646252,530.345077,576.198508,637.577229,579.151239,565.594281,538.382466,528.807840,513.238529,529.191899,566.851396,618.788953,639.898892
26,490.977334,458.503599,390.913004,297.676861,224.297572,189.933444,159.474994,164.066129,216.252287,261.079552,478.134615,416.309027,345.829866,288.100885,222.446623,138.983710,102.708573,100.820175,156.702146,239.823975,492.041306,370.498517,318.186028,220.732896,178.951819,90.511208,0.000000,59.861683,116.806723,197.662490,476.776742,364.936913,326.397190,256.009118,177.073579,88.709139,65.302996,69.698933,149.132547,233.489357,480.975866,390.284584,313.989298,267.446245,209.176288,135.267743,121.318494,172.473226,206.456087,275.109074,505.880200,433.800380,373.552989,272.746055,249.665517,202.248301,194.182316,213.437778,271.873459,322.954821,526.256952,445.039923,401.722894,347.054580,284.297002,278.479653,263.882564,297.838994,311.053877,355.160003,545.709076,493.418466,427.162710,382.819248,371.287735,346.408963,376.039524,342.311182,367.150493,444.980151,610.872538,540.045626,500.777737,497.717354,442.396594,420.898133,438.315514,459.258820,464.870606,504.973190,667.403377,601.704356,573.504796,538.049241,514.811582,482.948997,486.195594,515.731547,558.153951,573.844332
27,545.211902,511.605937,443.664662,344.567951,267.677986,227.497964,171.337099,153.274452,182.207348,217.901582,535.123437,473.479523,402.962150,343.065640,273.761250,189.940309,115.108572,86.408145,115.028453,181.936154,551.210783,429.809809,377.775102,279.919376,238.543506,147.351687,59.861683,0.000000,59.444257,138.067959,536.631046,424.515634,386.026322,315.678885,235.391335,141.947443,109.934409,37.711782,93.831649,179.884414,540.427063,448.536583,371.473609,323.905411,262.191051,178.124134,132.905231,156.848764,174.753665,227.247582,562.717760,489.665911,426.907183,323.835883,294.838187,239.517755,207.692295,205.962382,249.176673,287.911834,581.720086,495.095642,452.717140,392.080343,319.632279,300.519225,273.723951,288.195763,285.031513,320.801591,596.682459,541.084585,469.695602,419.475328,397.588955,368.617919,384.605460,340.495908,352.971102,419.758933,657.030890,582.076598,541.097567,530.865799,469.957379,440.271415,443.766364,452.846036,448.863141,482.412433,711.993592,643.412377,608.222999,568.721529,537.821728,495.797789,489.603553,512.080156,545.537369,555.864734
28,587.242590,552.140406,484.152034,378.852876,299.849308,255.361214,179.357653,141.089876,141.291088,166.261201,581.725091,520.642511,450.393594,387.538142,314.514262,232.627760,132.856588,87.893676,72.154742,123.059270,602.580291,481.873973,430.943553,332.224202,292.281173,197.764725,116.806723,59.444257,0.000000,91.530390,591.297701,481.306804,442.698651,372.282370,293.758929,201.352669,169.134267,82.926768,74.174144,152.611324,597.481339,506.999633,430.336330,383.080823,321.628439,236.319066,181.351306,184.719948,184.115437,208.907144,621.848623,548.997323,486.331475,383.086400,352.906235,295.427258,253.086325,236.903608,263.566346,286.140786,641.111670,554.047020,511.869195,449.819459,374.022093,348.453732,314.690031,313.597125,294.231197,318.790018,655.769934,599.402374,526.377989,473.845605,446.777244,415.715492,422.419806,371.104390,372.304214,426.232932,714.770008,638.334677,596.708551,583.035623,519.335861,484.865092,478.408553,477.478706,464.517902,490.782707,769.114580,699.437660,660.970224,619.394132,584.038260,535.423423,522.094380,538.403008,563.257568,568.143400
29,678.338949,643.459271,575.447471,470.333748,391.256112,346.380327,265.697422,218.398479,185.572085,180.252655,671.409520,610.031560,539.598007,477.862106,405.619318,323.123503,223.401721,176.752343,132.367414,77.984570,689.227001,567.869210,515.810073,417.968410,376.569759,284.776037,197.662490,138.067959,91.530390,0.000000,674.168241,560.433836,522.179167,452.100314,369.287502,271.988992,235.739800,140.172335,62.308861,77.549582,675.750500,580.891911,502.591796,453.492612,387.172822,293.997945,218.885152,187.647728,158.555911,138.369173,691.301032,616.535579,549.323913,444.040706,406.247848,342.105475,277.162056,236.834597,234.085708,231.144617,707.116798,610.097896,570.194805,499.702595,413.259333,372.135175,325.745376,297.341960,254.252985,261.475563,712.341524,650.626201,570.519702,510.658056,470.066064,435.008660,422.409672,360.242078,342.921828,375.893348,761.915206,679.512273,635.883480,611.476290,541.445189,496.666317,470.703030,452.586678,426.073351,441.266837,812.917516,739.161442,690.106019,643.212621,597.421202,535.758615,509.362779,514.719525,525.529879,522.435879
30,214.254436,228.662160,234.399662,318.560942,365.419078,405.585744,497.496112,554.624308,638.806690,697.207596,148.853284,148.234296,181.658707,246.186673,317.092147,374.627309,493.219634,534.918968,607.516523,712.005451,71.586335,119.401527,162.200481,260.787825,299.062567,394.718418,476.776742,536.631046,591.297701,674.168241,0.000000,122.790095,156.792547,223.827429,310.457874,408.338842,445.763832,537.280390,621.134781,698.769572,67.546833,143.468342,205.341590,251.103147,319.887175,410.973095,499.037622,573.636429,630.281418,724.836931,175.355395,189.279016,241.170549,299.962110,353.736414,410.320305,503.386195,574.148571,654.025903,731.121851,216.173375,288.518146,271.654535,339.305123,413.023328,485.833762,536.226423,627.801259,693.091585,755.859213,307.689343,334.048858,373.557217,416.206036,487.990220,504.624615,592.732135,623.137154,691.016835,796.088277,411.536274,422.193650,422.141095,488.714562,507.682349,553.717140,645.479816,721.483187,771.630886,833.965227,467.722606,459.814131,515.434498,531.552053,579.398236,629.700935,688.098141,748.232860,828.755342,869.165743
31,268.304365,264.364688,236.306912,275.907485,297.797098,328.946154,410.773828,462.927810,544.334620,600.862760,212.739447,172.815990,153.790677,192.587949,244.350721,281.231193,396.118594,433.601452,505.359793,603.743476,169.697198,92.281080,85.080960,163.771469,193.877799,289.631495,364.936913,424.515634,481.306804,560.433836,122.790095,0.000000,38.665324,109.037141,192.106259,290.570258,327.957218,421.558282,505.133436,580.351545,116.320495,60.109843,85.535523,128.601654,197.113030,289.074048,377.489601,451.551105,508.519906,604.077681,172.590867,132.866859,147.248436,180.778804,233.534881,287.917394,380.652726,451.359571,531.236285,608.398539,208.252897,219.057287,187.233503,234.571962,296.322582,366.908719,415.111751,505.848620,570.339398,633.069165,277.114579,274.816491,286.411819,314.606156,379.254672,391.580141,477.620062,503.596220,570.053237,674.711391,377.390956,360.709125,348.723253,404.014340,408.996359,447.034179,533.268603,605.554740,652.767151,714.187730,438.495453,409.881530,445.332319,449.788727,485.800918,524.813383,577.893395,635.995062,713.922109,752.474320
32,275.173605,265.676236,228.364055,252.128498,266.416530,294.968929,374.280720,425.523488,506.461767,562.745632,225.539337,177.287098,142.684001,168.750518,212.595981,244.206514,358.159207,395.190808,466.848773,565.095790,194.923065,94.873167,64.856440,127.311474,155.569175,251.103076,326.397190,386.026322,442.698651,522.179167,156.792547,38.665324,0.000000,70.416732,154.623197,253.025553,290.463648,383.579430,467.258850,543.210211,154.985623,84.142413,68.976029,100.956638,165.295332,254.308356,342.254495,416.997203,473.517255,568.155452,204.421274,154.326277,149.723640,158.997699,209.091674,258.500719,349.460408,419.144826,499.113851,575.379515,237.469090,229.235682,192.168450,225.010831,275.362033,342.840105,387.853304,476.844052,538.732244,600.784100,298.389123,286.854117,285.891282,305.201333,364.086510,372.979089,456.693050,478.160706,542.595732,646.458745,395.353538,369.748864,353.175794,402.400839,399.954438,432.645189,514.407766,583.407359,627.704109,688.004845,456.991953,422.245958,449.627554,448.964682,478.779574,511.024267,560.292336,616.700858,692.403596,729.307080
33,304.032823,285.927525,234.585271,223.991866,218.759669,239.583241,311.086698,359.559735,439.005848,494.522364,265.484310,208.355323,152.439068,147.271778,166.107954,180.512769,290.704409,326.160204,397.399382,494.712351,252.095803,135.390239,83.013875,70.687708,87.981489,181.787891,256.009118,315.678885,372.282370,452.100314,223.827429,109.037141,70.416732,0.000000,87.184962,184.523996,221.939759,313.981062,397.781408,474.945592,225.307048,143.522967,84.922836,75.258890,114.769830,192.367584,278.320482,354.062805,409.446185,502.091866,265.294534,204.198924,173.750232,135.370504,174.025365,209.248058,294.242993,361.037953,440.685087,514.860898,294.131310,258.265530,215.472161,220.101302,244.322041,303.016741,340.463302,424.852871,481.131138,541.605207,341.973292,316.235024,294.037416,296.131570,341.840895,343.671073,421.172437,433.357365,493.196509,594.913783,431.658043,391.663231,367.629649,404.770928,388.620470,410.370133,482.193842,544.112070,582.436869,640.258306,493.266289,448.716833,461.603415,451.784240,469.672789,488.644480,530.008380,582.646188,653.570320,687.132738
34,377.219024,353.911336,294.569986,249.969779,215.485332,218.372821,265.513568,303.980140,376.857808,428.929608,345.720583,285.872949,221.934311,192.255562,173.271765,144.387970,232.074382,259.596291,327.493087,416.818015,338.602358,219.659640,165.592255,95.414151,66.003809,120.373095,177.073579,235.391335,293.758929,369.287502,310.457874,192.106259,154.623197,87.184962,0.000000,98.466554,135.874553,229.762761,313.141426,388.609665,306.586028,213.240842,137.329960,93.550637,63.009939,107.871500,191.660764,267.657703,322.536088,414.918325,329.556243,259.179976,206.109055,121.160532,131.593714,140.346152,214.392464,277.736663,356.695658,429.348334,351.917671,285.558708,240.756711,211.249889,197.804252,240.912160,268.043981,346.336013,397.565506,456.814851,381.471959,339.764255,293.443195,273.892005,299.964274,292.858494,360.320082,361.944948,416.477117,515.625971,458.761956,402.230278,370.110097,390.584357,358.151480,365.602790,423.822137,477.022968,508.940408,564.076707,518.650982,462.850787,457.212583,436.378589,439.052737,441.562916,472.975628,520.704313,585.914826,615.921527
35,455.393606,427.427714,362.831978,290.736777,231.873984,213.646252,221.647377,242.694396,303.221867,349.623750,431.888438,370.415314,302.079351,256.512178,209.093709,140.852034,172.981870,185.538400,245.363666,323.686053,432.969007,312.069658,257.882638,169.634387,126.682801,87.643050,88.709139,141.947443,201.352669,271.988992,408.338842,290.570258,253.025553,184.523996,98.466554,0.000000,37.450885,131.930533,214.873945,290.433926,404.724706,308.924654,230.850499,182.417089,120.799344,57.276848,104.964033,179.691260,230.745954,319.095401,421.169115,347.767248,285.492431,184.041642,163.158199,125.306968,153.694130,201.505208,275.849315,342.627522,439.772744,356.332150,313.042110,259.922990,206.023484,216.835530,220.443450,280.149762,317.168122,372.103055,457.052154,405.006066,341.075726,301.451377,300.779988,281.519961,327.871974,310.286110,351.998511,443.676472,522.784007,453.880683,415.778251,418.361770,369.143119,357.400904,392.269037,429.130570,448.698904,497.752958,579.818090,515.579063,492.323285,460.644706,445.480514,426.156616,441.646456,480.205146,534.592971,558.001883
