node_id,0,1,2,3,4,5,6,7,8,9,10,11,12,13,14,15,16,17,18,19,20,21,22,23,24,25,26,27,28,29,30,31,32,33,34,35,36,37,38,39,40,41,42,43,44,45,46,47,48,49,50,51,52,53,54,55,56,57,58,59,60,61,62,63,64,65,66,67,68,69,70,71,72,73,74,75,76,77,78,79,80,81,82,83,84,85,86,87,88,89,90,91,92,93,94,95,96,97,98,99
0,0.000000,74.375385,152.996774,231.161756,311.328272,405.624585,447.534744,541.454638,601.292702,706.321968,80.765357,90.435374,184.832230,236.305338,305.695707,391.498872,486.937545,528.335763,601.842261,695.564104,141.743561,167.348724,215.183314,257.404266,349.698373,439.775428,514.055487,557.506149,646.837381,719.343044,216.092234,264.012321,260.773096,344.616831,381.417036,455.207811,496.568514,585.004182,671.374102,741.787140,281.674037,276.948908,316.649208,410.245643,422.955576,495.722610,553.340647,639.068075,703.223918,761.479041,385.855706,393.350328,410.739449,444.088875,490.752075,554.793224,603.059256,649.550339,744.124492,818.782060,443.401603,448.741588,460.378555,516.993689,557.848240,612.752085,643.974330,710.292052,794.070377,838.260080,528.043679,514.608972,532.562009,580.663299,614.550967,681.730170,708.813840,782.412820,840.495080,883.641965,605.340566,606.350921,605.129706,660.683773,716.679027,746.454619,798.665504,826.313657,871.849453,947.916073,654.091499,660.881642,689.805121,716.810361,741.745896,787.328875,834.941782,916.991216,947.026234,997.518562
1,74.375385,0.000000,78.636563,158.855676,238.216495,332.660013,374.629213,468.397761,527.431779,633.168952,118.405288,79.316947,122.984898,167.357998,236.484954,320.721886,417.451052,456.500295,531.399812,624.145728,151.445973,153.830155,172.725300,203.761896,290.801860,376.426993,448.742534,490.393457,577.722520,650.926032,232.581346,250.560412,227.675310,300.124535,333.443204,400.363814,435.480679,520.608459,606.572778,675.999337,296.596294,276.919837,297.495022,373.819512,381.169394,443.770598,497.353981,578.695019,641.851105,700.487044,401.040156,391.720007,394.340447,416.091622,454.360341,512.785743,551.120305,595.267839,689.201254,758.894099,451.919583,445.326920,447.298987,494.203402,526.108460,574.488144,598.077141,660.220648,741.193428,783.389056,534.873258,509.703781,519.152853,559.025988,584.443167,647.528988,666.826024,735.515963,792.957302,831.513382,616.401531,606.982325,598.452804,643.113590,690.779540,714.939137,761.076491,784.632345,828.218006,898.549508,661.971502,658.261763,681.647538,702.780971,719.001776,759.707160,799.301741,878.308079,904.560071,951.318421
2,152.996774,78.636563,0.000000,85.217105,161.531537,255.822083,297.773244,391.197690,449.234066,555.731287,183.357323,126.460285,81.653712,101.462765,166.914994,247.254072,345.205012,380.905628,457.431359,548.781422,193.259882,174.425389,154.159000,163.418130,236.360668,313.269809,381.998634,420.940084,505.315968,579.192814,270.161430,257.653671,214.061343,265.801160,292.857759,348.502612,374.598759,454.526611,539.491290,607.424168,328.442625,295.772907,294.611242,346.523578,346.901041,394.832995,442.370890,517.343029,578.857602,637.668716,428.710100,402.977404,389.677704,397.430454,424.620406,475.010827,500.580546,541.365854,633.790115,697.153128,471.548160,452.932274,444.506704,479.358027,500.292074,540.188297,554.360925,610.862583,687.903693,727.504932,550.865101,514.061582,514.158421,544.120541,559.488499,616.980519,627.000731,689.327236,745.629964,778.616156,635.288417,615.292005,599.192655,631.357324,669.150060,686.704596,725.482909,744.150523,785.195939,848.543514,676.980049,662.397101,679.583468,694.116725,700.573607,735.421148,765.624997,840.632693,862.433882,904.709015
3,231.161756,158.855676,85.217105,0.000000,80.684190,174.557675,216.414966,310.373440,371.485340,475.254567,242.496535,179.521511,72.436546,29.656699,82.394845,162.432139,260.112138,297.646322,372.982716,465.307900,229.621015,193.802676,136.529182,115.166490,162.541510,230.706746,297.489558,335.786913,420.319164,494.083740,294.067240,250.422716,189.458474,211.786690,230.481209,273.677426,292.889509,370.095028,454.685830,522.314636,342.093137,297.673980,273.047895,295.423425,288.633085,321.621868,363.951158,434.721253,495.355041,554.145474,433.010016,390.326241,360.499667,353.207421,368.365256,410.145653,424.857572,462.998543,554.061420,613.993255,465.490799,434.418940,415.195760,436.509819,446.105616,477.452609,483.437447,535.233859,609.296253,647.230445,538.691112,490.266877,480.542797,499.760779,505.082543,556.654212,558.600448,615.569881,670.798599,699.985025,624.607732,593.517810,569.736137,588.650311,616.421103,627.739811,659.843063,674.440917,713.336028,771.561649,661.390073,635.432987,645.950571,653.631881,650.518864,679.581781,701.324398,772.655369,790.934460,829.853500
4,311.328272,238.216495,161.531537,80.684190,0.000000,94.451437,136.426818,230.198442,290.803194,395.024854,321.876132,258.672715,145.897721,86.521302,51.533977,90.523579,188.348743,219.538568,297.205854,387.409479,303.091013,262.266624,191.590875,149.549333,145.216036,180.456483,235.725232,267.963659,346.734064,421.154502,360.240171,300.249845,231.679919,220.603411,225.183218,242.171676,242.745368,307.506990,389.066957,453.812557,401.234570,351.109886,310.321241,300.607931,284.666257,290.968178,320.526230,378.480441,435.447166,493.716772,483.736662,429.490671,386.208576,363.471723,362.964359,390.718289,385.844751,417.560069,504.288398,554.440784,507.831629,467.279947,438.711638,445.161161,440.735363,459.421669,452.207623,494.461582,561.536987,595.369805,574.571839,516.908598,497.857248,504.959027,497.910607,540.464069,530.270988,577.341833,630.054101,651.471233,660.364233,619.985890,589.290672,593.904035,609.306055,612.303494,634.448578,642.527104,677.487163,725.978590,692.433350,656.341045,660.045073,660.328267,646.206707,667.615873,677.458704,742.598936,755.090139,787.942923
5,405.624585,332.660013,255.822083,174.557675,94.451437,0.000000,41.976523,135.831212,198.383262,300.707669,412.625511,349.477682,234.451562,175.067713,113.172849,44.241252,107.935173,126.541343,206.415393,293.952793,387.527366,343.002659,265.429939,214.062113,164.080886,142.491513,169.605775,189.676214,258.205868,332.764740,436.499272,362.928165,291.985642,251.071482,239.790246,221.639444,194.888073,235.593733,310.431812,370.497708,469.578963,415.175014,360.556890,318.340548,293.526438,266.084594,275.793101,312.992534,363.484383,420.049445,541.545737,476.503880,420.696237,382.388813,364.009908,373.194080,343.450770,365.337716,444.034739,481.053535,556.128704,506.402654,468.654732,458.298876,437.810320,440.509525,417.137441,445.935051,502.732906,530.948134,614.384111,547.816173,518.912982,511.992273,490.694129,521.144834,496.396174,530.113447,578.796409,590.420517,698.548572,648.374217,610.480994,598.573946,599.119059,592.136686,601.832837,601.851185,631.479989,667.622301,724.794855,677.740643,673.562728,665.283020,638.554890,650.494237,645.929230,702.680352,708.085528,733.354287
6,447.534744,374.629213,297.773244,216.414966,136.426818,41.976523,0.000000,93.978395,158.200778,258.850563,453.358003,390.309190,274.981280,215.956987,151.685312,69.863097,82.059082,86.108461,167.221736,252.585885,426.268481,380.760855,301.782797,248.753852,187.442798,143.096013,149.925852,160.276281,220.271436,294.527008,472.319896,394.630638,323.834978,273.838107,257.054371,224.618775,185.103329,209.153464,278.400719,335.158099,502.451630,446.884613,387.938110,334.247446,306.512144,264.896988,264.084863,288.761358,334.822130,389.924802,570.121242,501.418666,441.363102,397.427273,371.886264,372.523797,331.216709,347.545394,420.986534,450.695176,580.950262,527.987556,486.949297,469.795916,442.648364,438.047160,407.286795,428.958994,479.943516,505.055690,635.476602,565.756850,533.051853,520.255272,492.921591,517.512150,486.132691,512.978868,559.301768,565.930365,718.536863,664.581377,623.921721,605.020953,598.960606,587.470358,591.252396,587.401507,614.252604,644.125568,742.254632,690.842927,683.326320,671.383374,639.245539,646.806581,635.566628,688.011991,689.982536,711.454850
7,541.454638,468.397761,391.197690,310.373440,230.198442,135.831212,93.978395,0.000000,70.410430,164.881128,546.571399,483.658488,368.169183,309.520325,243.740750,157.755304,98.986568,38.633968,96.067720,164.196220,517.165520,470.528310,390.194323,335.679476,262.136183,189.919256,153.766324,132.896301,150.282440,219.708402,559.036194,475.741393,405.982474,343.799480,319.170580,264.609745,204.737528,182.402907,226.958888,269.800473,584.538029,527.536301,462.443346,390.955274,359.184289,293.445549,269.979863,260.548632,290.964067,339.541282,644.722686,570.360887,503.759744,450.724513,412.595606,396.070174,331.129298,332.953504,389.618047,397.993495,648.941256,590.751370,544.334226,514.765571,475.147288,455.428460,409.236811,413.016463,447.579450,463.791555,696.218893,621.367169,581.927321,557.856752,518.768736,530.215199,484.617160,494.276654,533.710627,527.294445,776.527654,715.791499,670.189721,637.502920,617.630656,596.459566,586.684213,573.727028,593.349656,606.929012,795.211671,735.705058,721.568147,702.246054,659.112401,656.999155,630.759592,672.259328,665.838843,677.547232
8,601.292702,527.431779,449.234066,371.485340,290.803194,198.383262,158.200778,70.410430,0.000000,112.436986,611.007089,547.849529,432.802301,373.448500,309.870013,225.655509,167.286763,104.565711,117.734252,138.668150,584.346377,538.427142,458.687804,404.636670,332.532604,258.586212,213.758009,181.685850,159.864573,213.886120,628.266807,545.959641,476.039053,414.031752,388.693335,330.452210,266.687690,225.241228,246.982346,272.365077,654.702488,597.815611,532.817780,459.249076,426.841339,355.425208,324.006198,296.310102,313.245911,353.821351,715.048498,640.217791,572.730309,517.982015,476.689517,454.338736,380.219862,373.999731,417.641506,408.030239,718.597807,659.613666,612.185151,579.422136,535.885364,510.237477,457.404952,450.868352,473.307925,482.141692,764.494994,688.584381,647.436135,619.817475,576.495839,581.910509,529.545489,528.628058,562.664965,546.502567,844.033932,781.567290,734.575027,697.062688,671.342573,645.598127,628.460784,610.094809,624.683220,626.047396,861.324882,799.416336,782.963952,760.809560,713.079293,706.223092,671.907511,706.133662,694.046159,698.387213
9,706.321968,633.168952,555.731287,475.254567,395.024854,300.707669,258.850563,164.881128,112.436986,0.000000,710.324119,647.636216,532.097748,473.908036,407.090197,320.078618,239.622282,183.250839,136.330934,67.988459,678.152203,630.407336,549.169100,493.812752,411.752165,324.516177,259.895414,213.310301,138.154369,150.286997,714.813222,625.781090,558.270849,485.298054,454.003635,381.808767,311.396325,237.772986,217.716462,211.866602,734.425604,676.323079,605.148848,515.780607,481.293657,394.023844,345.823348,286.192073,278.626281,302.907497,784.363358,703.945618,630.789749,568.460782,516.655449,478.738244,387.754299,366.358637,384.332065,347.310904,779.792883,715.871532,663.680529,618.768934,564.201136,524.256683,458.947965,432.853378,433.447331,430.324891,816.336428,736.111402,688.626277,649.759631,595.741495,586.689463,521.723888,501.137796,524.851664,493.753470,891.298510,822.036753,770.494791,718.728554,678.674848,643.242237,611.630642,583.714166,589.163706,571.088431,902.357885,832.248421,808.660599,778.782894,720.239852,702.816119,652.886131,673.205885,651.819249,644.548865
10,80.765357,118.405288,183.357323,242.496535,321.876132,412.625511,453.358003,546.571399,611.007089,710.324119,0.000000,63.228656,178.411937,237.558589,303.237490,390.369299,479.758647,528.144518,595.808531,691.915876,68.470050,108.636505,178.406826,230.297956,324.870511,419.712381,496.325838,543.060548,636.365644,706.297783,136.051583,196.309011,209.603554,300.783090,340.274353,420.930214,471.138803,564.272676,650.436584,722.286820,201.369618,201.191160,250.852003,355.891149,373.616958,456.636180,518.813586,610.254629,675.459625,732.541648,305.229830,316.545657,340.964654,381.759084,434.720350,503.231316,562.269185,611.343481,705.907793,787.548691,363.501356,372.157709,388.081958,449.883397,496.877736,556.849833,595.483700,666.019708,752.693908,799.285627,448.241152,438.176043,459.797933,512.211512,551.727343,621.638123,655.624403,733.866590,792.299799,840.729050,524.840958,527.769547,528.948073,589.320597,650.101496,683.774228,740.723375,772.032168,819.272369,901.271137,573.929708,583.103820,613.896443,643.376655,672.996334,721.572134,775.118124,859.443731,892.922384,947.070313
11,90.435374,79.316947,126.460285,179.521511,258.672715,349.477682,390.309190,483.658488,547.849529,647.636216,63.228656,0.000000,115.540164,174.416571,240.667678,327.897463,418.557028,465.801141,534.581867,630.336984,72.501241,79.905936,127.073098,174.223574,268.614499,362.036204,438.076418,483.875210,576.237591,646.973554,153.550667,178.191522,170.343916,255.494749,293.196282,369.845215,415.796998,507.263959,593.668744,665.090801,217.288128,199.384998,228.931001,319.814562,332.956183,408.559588,468.144810,556.796725,621.614094,679.329810,321.736879,315.263823,324.555772,354.459799,400.318363,464.641272,515.516299,563.018481,657.713381,735.537408,373.259851,369.659691,375.867200,428.812795,467.775965,522.321127,554.388031,621.794092,706.558507,751.652363,456.636529,434.765770,448.095913,492.970397,524.771830,591.465701,618.563009,692.914772,751.104419,795.696088,537.583588,530.365629,524.409212,574.624421,627.902165,656.543217,708.239640,735.997602,781.718638,858.944155,583.690046,582.770855,608.369124,632.380993,653.907506,698.187769,744.608658,826.556079,856.748302,907.747120
12,184.832230,122.984898,81.653712,72.436546,145.897721,234.451562,274.981280,368.169183,432.802301,532.097748,178.411937,115.540164,0.000000,59.734460,125.228265,212.478791,304.575040,350.425654,420.370576,515.618366,157.994248,121.467525,75.341295,83.935698,167.825260,255.198411,329.224097,373.012483,463.535727,535.370793,221.840024,186.192080,134.595764,185.367593,214.772265,277.720427,313.130498,400.262135,486.591336,556.956945,271.620536,230.246996,217.154316,265.145577,266.838490,321.917771,374.425094,456.209438,519.752295,578.265732,365.626580,330.066734,310.488065,315.834685,343.760166,396.453807,429.000788,472.510452,566.310194,636.344191,402.359069,377.671478,365.497854,397.932564,418.974985,460.618829,478.594102,538.565641,618.615646,660.480090,478.794423,437.012994,434.260554,462.627573,478.132336,536.571238,549.517450,615.097340,672.132856,709.052855,564.172615,539.243012,520.542706,550.077177,587.588584,605.909669,646.546994,667.080116,709.343801,776.864325,603.622336,584.620706,599.957569,613.170672,618.920741,654.102713,686.143143,762.517545,786.206748,830.885693
13,236.305338,167.357998,101.462765,29.656699,86.521302,175.067713,215.956987,309.520325,373.448500,473.908036,237.558589,174.416571,59.734460,0.000000,69.417143,155.636508,250.691291,293.297135,365.575368,459.754839,216.588131,176.673315,111.986991,85.795381,137.063458,212.022905,282.163549,323.070478,410.776628,483.712287,275.802565,225.238382,162.008522,182.299382,201.986802,249.077982,273.149623,354.433722,439.984953,508.916164,320.508852,273.823450,245.210725,265.905979,259.700783,296.398612,341.500607,415.987587,477.807584,536.607612,408.686746,363.173846,331.484559,323.551179,339.332117,382.533984,400.910790,440.576316,532.612177,595.912790,439.115068,406.334708,386.076615,406.853413,416.947191,449.486502,457.571042,511.320872,587.085848,626.216553,511.206657,461.511309,451.093948,470.124647,475.987119,528.337896,532.018512,590.859311,646.578357,677.813399,597.189178,564.834745,540.461476,559.002081,587.234049,599.261545,632.620564,648.315220,687.941113,748.435891,633.298776,606.284848,616.431749,623.975219,621.147764,650.727235,673.826341,746.073817,765.443007,805.697451
14,305.695707,236.484954,166.914994,82.394845,51.533977,113.172849,151.685312,243.740750,309.870013,407.090197,303.237490,240.667678,125.228265,69.417143,0.000000,87.250657,181.274157,225.198695,296.286531,390.843506,274.661388,229.829846,152.956681,104.437414,95.936263,149.084629,215.169379,254.444517,341.386675,414.443929,324.021314,255.832056,185.748614,169.070067,174.688980,199.793788,211.681626,287.753758,372.576332,440.722888,360.011867,307.566763,261.709607,249.329092,234.352474,248.631467,285.201606,352.718852,413.020580,471.800050,438.075075,380.583237,335.217911,312.016366,313.235218,344.640644,348.204628,383.855106,473.681483,531.728892,459.414270,417.016488,387.441944,393.872250,391.237451,413.146663,410.910381,458.124547,529.628908,566.379736,524.590781,465.795543,446.324433,454.029916,448.909037,493.838638,487.928988,539.773499,593.943745,620.175459,610.235448,568.770646,537.770329,543.061064,560.489222,565.594486,591.135434,601.963006,638.849599,692.849498,641.605771,604.835981,608.591730,609.386121,596.865780,620.035884,633.634478,701.348053,716.544823,752.671231
15,391.498872,320.721886,247.254072,162.432139,90.523579,44.241252,69.863097,157.755304,225.655509,320.078618,390.369299,327.897463,212.478791,155.636508,87.250657,0.000000,98.372995,137.952546,210.679917,304.154124,359.410752,312.914980,233.044668,179.343683,120.702029,104.477462,147.035158,177.441926,258.099391,332.152979,403.051636,324.816039,253.991008,207.758677,195.569236,180.558438,162.208971,217.870039,298.614861,363.389709,432.588550,377.080656,319.345038,274.102015,249.415878,226.522914,242.822493,291.050174,346.202247,404.166439,501.143386,434.189870,377.038117,338.147710,320.633074,332.706457,310.079585,336.310322,419.441960,465.038496,513.816230,463.004333,424.624367,414.231949,395.096780,400.607670,381.556577,415.578956,477.506864,508.966846,570.905034,503.766152,474.675422,468.368864,448.730173,481.587197,460.730585,499.466436,550.027287,566.594523,654.851680,604.189153,566.254087,555.269327,557.879545,552.943867,566.051432,568.801674,600.557174,642.465798,680.722623,633.520562,629.626176,622.017674,596.942016,610.722017,609.904136,669.544990,677.704482,706.399683
16,486.937545,417.451052,345.205012,260.112138,188.348743,107.935173,82.059082,98.986568,167.286763,239.622282,479.758647,418.557028,304.575040,250.691291,181.274157,98.372995,0.000000,62.796163,116.054467,212.423423,442.051434,393.344995,311.780486,256.183347,172.170867,91.301535,68.909882,81.851583,160.301582,233.987858,475.402216,386.487611,318.652339,248.848863,221.686567,166.207647,111.595136,128.230886,203.083806,265.686524,495.289839,437.406788,368.548569,292.160418,260.211300,198.285578,186.242073,207.083222,255.637654,312.118095,549.925948,473.472808,405.444127,351.738212,314.884547,303.856464,252.263610,265.939477,339.139596,373.125975,551.567015,492.340589,445.415213,416.555868,379.908197,366.538550,329.448144,347.443310,398.074558,424.197102,597.452108,522.380813,483.287396,461.346382,426.207612,444.213876,407.640831,431.334217,477.274121,484.533071,677.563372,617.021113,571.994286,542.767067,528.721396,512.872174,512.265044,506.521967,532.524523,562.461804,696.341852,637.821556,625.201151,608.222745,569.719248,572.854032,556.617990,606.957646,608.074522,629.503841
17,528.335763,456.500295,380.905628,297.646322,219.538568,126.541343,86.108461,38.633968,104.565711,183.250839,528.144518,465.801141,350.425654,293.297135,225.198695,137.952546,62.796163,0.000000,81.644214,167.881748,494.906051,447.192959,366.037086,310.787900,231.898512,154.056486,115.222289,98.072415,135.748732,209.328331,532.740968,446.395107,377.544496,310.950609,284.447439,226.834736,166.125607,148.781632,202.784481,253.264923,555.301853,497.758306,430.372634,354.699831,322.421701,254.875198,232.025420,228.479558,264.292747,315.857413,612.129116,536.185203,468.192795,413.725829,374.385765,357.474264,294.085590,298.268964,359.394044,375.613073,614.346266,555.057149,507.740518,476.724418,436.539637,417.117042,372.218175,379.004094,417.906646,437.104478,659.965690,584.373428,544.160577,519.348826,480.177716,492.316957,448.261738,461.153581,502.397994,499.890827,739.722499,678.141801,632.109726,598.871322,579.383297,558.986016,551.007959,539.710125,560.992086,579.236324,757.702358,697.483606,683.026055,663.615944,620.819485,619.465801,595.194771,638.863126,634.430959,648.935752
18,601.842261,531.399812,457.431359,372.982716,297.205854,206.415393,167.221736,96.067720,117.734252,136.330934,595.808531,534.581867,420.370576,365.575368,296.286531,210.679917,116.054467,81.644214,0.000000,96.994154,557.280178,508.230446,426.678284,371.116561,283.348359,191.671545,123.685913,77.463858,54.861602,127.696413,587.396601,494.952020,429.383374,351.935573,319.128632,245.485090,175.115434,110.935080,133.170412,174.097538,602.932064,544.550618,471.348704,379.493281,344.970067,259.040077,216.063456,178.622226,198.738809,244.560724,649.214080,568.002747,494.488979,432.320254,382.003120,349.100260,266.690729,256.875718,301.260222,302.330144,643.563313,579.547098,527.560533,484.613873,433.415018,400.192987,342.641358,333.160239,357.891023,370.504831,680.308606,600.540529,554.199452,518.688545,469.211584,468.732548,413.039586,411.068226,446.287008,434.488402,755.945736,688.040768,637.691580,591.454773,559.358472,530.599361,511.025601,492.401990,507.739283,514.220075,768.337047,700.598320,679.776396,653.537211,601.158945,591.123483,554.355548,588.751596,578.067223,585.678087
19,695.564104,624.145728,548.781422,465.307900,387.409479,293.952793,252.585885,164.196220,138.668150,67.988459,691.915876,630.336984,515.618366,459.754839,390.843506,304.154124,212.423423,167.881748,96.994154,0.000000,654.180625,605.190306,523.628816,468.053892,380.160539,287.493418,215.770591,166.060878,77.005299,84.450442,684.096159,590.837021,525.927419,446.727063,412.507756,334.721125,263.628167,180.266010,150.316510,146.451536,698.397793,639.944890,565.463173,468.474193,433.509899,340.856658,287.502253,220.618204,210.638297,236.352981,741.301236,658.326530,582.873362,517.598790,461.975953,419.043795,324.499645,300.263559,316.393330,283.336852,732.317919,666.377565,612.377162,562.846798,504.916672,461.280805,393.745191,365.229610,365.988117,364.591069,764.221474,682.598245,632.899851,590.389392,533.622270,521.427500,454.815472,433.153783,457.377704,428.433657,836.927771,765.351393,712.442360,656.645766,613.561455,576.697146,543.824032,515.734686,521.584372,506.487122,845.569279,772.938543,747.328642,715.582823,654.980400,636.022153,584.968485,605.519354,585.020892,579.842725
20,141.743561,151.445973,193.259882,229.621015,303.091013,387.527366,426.268481,517.165520,584.346377,678.152203,68.470050,72.501241,157.994248,216.588131,274.661388,359.410752,442.051434,494.906051,557.280178,654.180625,0.000000,50.039903,130.790659,186.210497,277.952209,373.788934,450.742618,499.143208,594.232724,661.810180,81.136292,127.931963,148.476523,241.641778,281.984398,365.549320,420.703288,515.837855,601.122739,673.417881,145.604395,135.213058,182.599521,290.587478,310.415565,398.011887,462.222868,556.326406,621.744878,677.841755,250.442313,251.620442,272.619280,313.842880,368.390886,438.286563,501.962445,552.113133,646.262798,731.316843,304.292865,306.998170,320.336473,381.413355,429.060956,490.237139,531.458525,603.599652,691.352865,738.968088,388.463500,372.876303,392.267183,443.800487,483.543879,553.872573,589.692763,669.472809,727.935782,778.476382,467.899715,465.126115,463.437333,521.408789,581.631699,615.548384,673.331458,705.592822,753.311169,837.346278,515.184651,519.256527,548.176391,576.196477,604.643425,653.108119,707.304790,792.064150,826.422591,881.684219
21,167.348724,153.830155,174.425389,193.802676,262.266624,343.002659,380.760855,470.528310,538.427142,630.407336,108.636505,79.905936,121.467525,176.673315,229.829846,312.914980,393.344995,447.192959,508.230446,605.190306,50.039903,0.000000,81.575693,137.174973,228.058532,323.885362,400.820555,449.343936,544.583619,611.900284,100.430101,98.306262,101.143502,193.361837,233.404674,316.169665,370.701556,465.798069,551.103497,623.390992,154.286276,124.255042,149.480588,247.669156,264.988400,349.705876,413.239642,506.764718,572.168045,628.472607,254.574801,237.945766,244.693112,277.176222,327.079587,394.752940,454.534592,504.167534,598.547947,682.341844,300.526408,291.521786,296.002336,349.735940,391.559267,449.333442,486.849946,557.573164,644.593698,691.621811,382.332890,356.099882,368.217276,413.617360,447.687275,515.949036,547.504109,625.248957,683.677006,732.351002,465.092635,453.184765,445.286991,494.794489,549.331327,579.717531,634.105329,664.224224,711.116842,792.636040,509.355172,504.526935,528.970000,552.485551,574.655922,620.010529,669.395241,752.732262,785.125435,838.636058
22,215.183314,172.725300,154.159000,136.529182,191.590875,265.429939,301.782797,390.194323,458.687804,549.169100,178.406826,127.073098,75.341295,111.986991,152.956681,233.044668,311.780486,366.037086,426.678284,523.628816,130.790659,81.575693,0.000000,55.600508,147.834469,243.554855,320.518007,368.574798,463.488249,531.463507,171.111253,113.902683,59.902371,129.642089,166.335336,243.357604,292.957213,386.886936,472.754726,544.830089,209.758228,161.836586,141.813961,201.120356,209.405760,281.486572,341.576737,431.920950,497.082909,554.286657,296.806610,255.663833,235.688823,246.052797,281.635340,341.404426,388.484877,435.979590,530.678831,609.717296,329.461542,302.484814,290.620859,326.687103,353.875212,402.023890,429.140172,495.171367,579.539156,624.590011,404.416278,361.680502,360.006327,391.633658,412.510627,474.821516,495.631897,567.445188,625.441153,668.803704,490.041697,463.916365,445.546942,478.087690,520.118003,542.485117,588.612925,613.403279,657.979058,732.733489,528.732698,509.391988,525.496297,540.302199,549.851178,588.195978,626.618633,706.130900,733.761979,782.797142
23,257.404266,203.761896,163.418130,115.166490,149.549333,214.062113,248.753852,335.679476,404.636670,493.812752,230.297956,174.223574,83.935698,85.795381,104.437414,179.343683,256.183347,310.787900,371.116561,468.053892,186.210497,137.174973,55.600508,0.000000,94.662679,189.540197,266.345196,313.852846,408.391016,476.958753,223.716230,151.488054,82.133494,102.468972,130.875427,197.996503,241.621689,333.994138,420.222598,492.002337,255.956287,203.131893,162.325139,184.423062,183.494638,240.163676,295.983819,382.724839,447.436476,505.265504,334.387932,281.388375,245.873063,239.371940,261.403614,312.541938,347.611187,392.758416,487.146986,561.880378,358.992610,322.244910,300.355798,322.543179,337.674309,377.000957,395.055811,456.477820,538.116829,581.348446,428.231124,376.179169,365.378197,386.404451,396.911945,453.562635,465.600367,532.010668,589.306224,628.219831,514.240525,479.569767,454.666893,474.943891,507.280521,523.371096,562.731088,583.193695,625.680922,694.798253,548.978034,520.531063,530.829740,539.440170,539.874602,572.656428,602.512091,678.590545,702.443206,747.834610
24,349.698373,290.801860,236.360668,162.541510,145.216036,164.080886,187.442798,262.136183,332.532604,411.752165,324.870511,268.614499,167.825260,137.063458,95.936263,120.702029,172.170867,231.898512,283.348359,380.160539,277.952209,228.058532,147.834469,94.662679,0.000000,95.836878,172.797839,221.368848,316.944053,383.857972,304.095695,214.541680,146.565425,87.060427,80.765942,112.198716,147.270040,239.412153,325.580237,397.427549,323.435911,265.870492,201.280549,158.471188,139.712065,159.349747,206.980767,289.369704,353.653728,411.802257,383.797003,314.018754,256.647451,222.493021,217.753538,249.813320,264.248889,305.592419,398.891196,469.186918,393.589499,342.359335,305.307259,302.286118,295.590923,318.035455,320.902510,374.588805,452.042517,492.977416,450.314116,384.484949,358.756367,360.645617,353.048611,398.431649,396.252568,453.803571,509.640045,542.686704,534.499581,485.886094,450.580166,449.346985,464.594434,470.101760,498.166121,511.903443,550.991967,612.184625,561.470493,517.921467,518.024944,515.931309,501.151771,524.202469,540.123215,610.260494,628.541852,668.760632
25,439.775428,376.426993,313.269809,230.706746,180.456483,142.491513,143.096013,189.919256,258.586212,324.516177,419.712381,362.036204,255.198411,212.022905,149.084629,104.477462,91.301535,154.056486,191.671545,287.493418,373.788934,323.885362,243.554855,189.540197,95.836878,0.000000,76.971160,125.794751,221.748678,288.021403,397.341320,303.381345,238.935276,160.791096,130.944907,81.524467,62.815643,145.406881,231.861936,303.059585,411.260564,352.885214,280.636251,201.042675,169.685395,123.696278,140.434010,204.134389,265.861010,324.639774,460.636349,382.759235,314.144229,261.432195,229.585140,231.130901,206.823633,237.130023,325.117962,383.899601,460.545438,401.041352,354.516474,329.283226,299.552459,298.094287,277.157447,314.315516,381.717064,417.431593,506.300124,431.906165,394.605629,377.730352,350.265324,378.657343,356.291913,397.611785,449.731301,472.002270,586.809286,527.764227,484.376333,461.992370,457.459918,449.662121,461.587025,465.178008,498.251606,545.795785,606.671671,550.807914,541.188412,528.308097,497.312600,508.018384,505.427230,565.799557,575.689491,607.488770
26,514.055487,448.742534,381.998634,297.489558,235.725232,169.605775,149.925852,153.766324,213.758009,259.895414,496.325838,438.076418,329.224097,282.163549,215.169379,147.035158,68.909882,115.222289,123.685913,215.770591,450.742618,400.820555,320.518007,266.345196,172.797839,76.971160,0.000000,50.233323,146.282429,211.082515,472.681347,376.781372,314.347353,231.475694,196.737381,122.089923,53.385685,72.620195,157.853733,227.733944,483.481619,425.003837,349.739864,255.899596,221.514889,141.708293,118.545747,144.299876,199.741644,258.143215,526.062831,444.358052,370.918633,309.915599,263.683756,242.339704,183.665781,197.652516,274.486086,318.758311,519.904303,456.268994,405.105431,366.619716,322.392445,302.146849,261.199100,279.035139,333.136328,362.472051,557.981642,479.315041,435.353843,406.075016,365.022904,378.249684,339.050674,363.078698,410.066471,421.126800,634.954575,569.554881,521.370755,484.229743,464.487102,445.978262,443.494929,437.724950,464.384339,498.059704,649.630687,585.856642,569.352975,548.681865,505.836532,506.225277,487.847287,538.234222,540.303467,563.831555
27,557.506149,490.393457,420.940084,335.786913,267.963659,189.676214,160.276281,132.896301,181.685850,213.310301,543.060548,483.875210,373.012483,323.070478,254.444517,177.441926,81.851583,98.072415,77.463858,166.060878,499.143208,449.343936,368.574798,313.852846,221.368848,125.794751,50.233323,0.000000,96.188547,163.238518,522.609124,426.992692,364.217937,281.690182,246.639548,169.337524,98.398690,51.054421,121.480289,186.582748,533.706194,475.229083,399.753555,303.422404,268.660851,181.638792,142.515741,131.449434,174.610076,230.460492,575.287276,492.777227,418.253591,355.154158,304.628266,274.250989,199.551330,200.330911,263.455495,291.435407,567.560777,502.828407,450.370430,407.328922,357.601809,328.607501,277.395995,280.936976,322.312092,345.120095,603.040992,523.100376,476.833385,442.577454,395.663236,400.558281,351.937622,363.157989,405.219029,406.622583,678.486101,610.748398,560.769235,517.111136,489.682866,465.290069,453.787986,441.653325,463.209226,485.355006,691.027516,624.071794,604.477852,580.124495,531.408598,525.917988,497.870224,540.803829,537.089365,553.894882
28,646.837381,577.722520,505.315968,420.319164,346.734064,258.205868,220.271436,150.282440,159.864573,138.154369,636.365644,576.237591,463.535727,410.776628,341.386675,258.099391,160.301582,135.748732,54.861602,77.005299,594.232724,544.583619,463.488249,408.391016,316.944053,221.748678,146.282429,96.188547,0.000000,74.594046,618.790822,523.019808,460.391673,377.390167,341.520858,261.021854,190.294353,103.360088,88.171965,119.518033,629.404622,570.943553,494.695916,393.976055,358.915890,264.506393,210.518348,149.235817,154.197989,194.431924,668.171285,584.133145,507.837405,441.610911,385.142127,342.350106,249.617934,229.667376,259.891843,250.403617,657.246193,590.652794,536.154978,485.860297,428.162371,386.200393,321.190175,300.163620,314.301077,322.352156,687.710388,605.849315,555.916068,513.678677,457.977333,448.875486,386.031704,373.709899,404.447661,386.688179,760.028550,688.349526,635.529087,581.008916,540.752732,506.651919,479.430715,456.046907,467.301428,466.282035,768.572342,696.249735,671.319361,640.716023,582.373824,566.598589,521.783314,549.829957,535.201936,538.535042
29,719.343044,650.926032,579.192814,494.083740,421.154502,332.764740,294.527008,219.708402,213.886120,150.286997,706.297783,646.973554,535.370793,483.712287,414.443929,332.152979,233.987858,209.328331,127.696413,84.450442,661.810180,611.900284,531.463507,476.958753,383.857972,288.021403,211.082515,163.238518,74.594046,0.000000,682.012012,583.987663,524.164655,437.557107,399.710337,315.407024,247.502227,151.809926,86.085918,62.003561,688.372739,630.168447,551.789200,444.112500,409.216987,309.419299,246.987627,161.249287,134.136804,152.626379,719.840505,633.573170,555.208353,485.698436,423.722648,370.631217,268.977147,235.456176,236.909422,199.010715,703.595138,634.814933,578.182336,520.321526,455.929604,403.729496,330.443914,291.569511,283.772328,280.321382,726.984729,643.463587,589.935343,540.147566,477.440929,456.504719,384.316728,354.190271,375.122018,344.051765,794.966831,719.329817,663.984925,599.490069,548.480088,506.962159,467.824094,436.417129,439.594712,422.036750,798.849839,721.400975,691.406973,655.271393,589.234197,565.058728,507.752810,523.851613,501.542553,495.396225
30,216.092234,232.581346,270.161430,294.067240,360.240171,436.499272,472.319896,559.036194,628.266807,714.813222,136.051583,153.550667,221.840024,275.802565,324.021314,403.051636,475.402216,532.740968,587.396601,684.096159,81.136292,100.430101,171.111253,223.716230,304.095695,397.341320,472.681347,522.609124,618.790822,682.012012,0.000000,102.318575,158.418522,246.001648,285.811229,372.238280,435.298819,531.790245,614.219858,686.394714,65.698895,77.006112,151.009168,271.926968,298.829842,396.265019,463.574778,561.516211,626.435499,679.901946,170.476135,184.419190,223.347834,278.631623,342.064028,416.410820,493.533320,545.613826,637.506609,729.641061,227.455511,239.810641,263.570161,334.234348,391.981554,459.961487,511.357859,587.727485,677.666815,727.604773,312.189736,305.597396,333.201657,392.724589,441.964156,515.570925,561.425719,646.494609,704.582155,761.491141,389.406240,392.318071,396.312394,463.829745,532.148355,572.191563,636.689515,673.969325,723.557928,814.775225,438.010507,448.363787,481.357737,514.268322,551.164925,604.329516,667.432392,754.793351,793.782871,853.600041
31,264.012321,250.560412,257.653671,250.422716,300.249845,362.928165,394.630638,475.741393,545.959641,625.781090,196.309011,178.191522,186.192080,225.238382,255.832056,324.816039,386.487611,446.395107,494.952020,590.837021,127.931963,98.306262,113.902683,151.488054,214.541680,303.381345,376.781372,426.992692,523.019808,583.987663,102.318575,0.000000,70.949945,146.444129,185.241325,271.511194,336.549665,432.853759,514.023691,585.972472,108.907625,52.280863,54.845812,170.989422,196.714335,294.054467,361.516868,459.761856,524.521288,577.698975,183.836918,145.326781,146.772138,186.531067,244.656082,317.390618,391.477951,443.437462,535.641891,627.324904,216.180956,196.359317,197.698302,253.888455,301.774955,365.231641,411.986192,487.210463,576.736969,626.241314,293.448038,259.619928,269.911229,316.937269,355.707768,426.577736,465.817789,548.522052,606.859860,661.533335,378.391875,358.859326,347.910525,396.857618,454.072572,487.664768,546.569947,580.496726,629.045594,716.861851,419.332498,408.393057,431.154919,454.189850,478.002356,525.379967,579.879181,665.258873,701.084512,758.317084
32,260.773096,227.675310,214.061343,189.458474,231.679919,291.985642,323.834978,405.982474,476.039053,558.270849,209.603554,170.343916,134.595764,162.008522,185.748614,253.991008,318.652339,377.544496,429.383374,525.927419,148.476523,101.143502,59.902371,82.133494,146.565425,238.935276,314.347353,364.217937,460.391673,524.164655,158.418522,70.949945,0.000000,93.377369,133.908518,218.843824,278.400209,374.753017,458.400853,530.761519,178.824789,123.220937,83.775516,149.472809,164.219484,249.600175,314.376827,409.783650,475.170344,530.569913,252.400662,201.175967,175.927517,188.473035,230.041030,294.994621,353.636217,403.641022,497.840262,583.308790,277.708805,245.249077,230.916712,267.837236,299.117647,351.979014,386.222337,456.448452,543.488754,590.705421,349.276005,302.940114,300.107678,332.810832,357.064024,421.895869,448.560646,524.735701,583.116713,631.211405,435.230387,405.644622,385.947104,418.716714,463.136409,488.117044,537.995851,565.830565,611.942292,691.832960,472.126493,450.139797,465.632049,480.599066,491.877228,532.073541,574.728741,656.242795,686.644860,738.731093
33,344.616831,300.124535,265.801160,211.786690,220.603411,251.071482,273.838107,343.799480,414.031752,485.298054,300.783090,255.494749,185.367593,182.299382,169.070067,207.758677,248.848863,310.950609,351.935573,446.727063,241.641778,193.361837,129.642089,102.468972,87.060427,160.791096,231.475694,281.690182,377.390167,437.557107,246.001648,146.444129,93.377369,0.000000,40.596931,126.522237,190.105649,286.440416,368.230607,440.393147,252.030882,193.560289,119.920378,83.656230,81.571488,156.399722,221.043684,317.039886,382.344042,437.383976,301.180862,227.860727,169.955824,143.730411,158.944914,212.666358,261.491133,310.811515,405.244695,489.931907,307.249877,255.331216,219.930845,226.566092,235.548538,275.474064,299.498456,366.418050,452.104979,498.507876,363.323980,298.926384,277.254646,288.703618,294.765484,351.260506,366.724905,437.834157,495.880738,540.664646,447.709240,401.166295,368.742102,377.814559,405.533351,420.917186,461.758641,484.536516,528.585331,603.464447,475.703772,435.866202,439.999573,443.430140,438.941532,470.338215,500.947443,578.448090,604.625016,653.155422
34,381.417036,333.443204,292.857759,230.481209,225.183218,239.790246,257.054371,319.170580,388.693335,454.003635,340.274353,293.196282,214.772265,201.986802,174.688980,195.569236,221.686567,284.447439,319.128632,412.507756,281.984398,233.404674,166.335336,130.875427,80.765942,130.944907,196.737381,246.639548,341.520858,399.710337,285.811229,185.241325,133.908518,40.596931,0.000000,86.429342,152.362085,248.117946,328.789879,400.794395,288.709330,230.459085,153.187142,78.691106,59.711598,116.384589,180.471399,276.539442,341.810954,396.787169,330.363552,251.846445,185.306764,142.882881,139.195025,182.153458,222.473896,271.069158,365.654538,449.427503,329.914148,272.333914,229.919585,221.622537,217.341953,247.948980,264.634890,328.875025,413.436107,459.192118,379.089130,308.840644,279.473320,279.977780,275.739644,326.365723,334.748547,402.263376,459.957108,502.506531,461.583990,408.670568,371.220997,368.794735,387.380536,397.292837,432.644479,452.318728,494.987418,566.661735,485.594696,438.557516,437.443699,435.311434,422.892189,449.307468,473.044215,547.953574,571.634429,617.992346
35,455.207811,400.363814,348.502612,273.677426,242.171676,221.639444,224.618775,264.609745,330.452210,381.808767,420.930214,369.845215,277.720427,249.077982,199.793788,180.558438,166.207647,226.834736,245.485090,334.721125,365.549320,316.169665,243.357604,197.996503,112.198716,81.524467,122.089923,169.337524,261.021854,315.407024,372.238280,271.511194,218.843824,126.522237,86.429342,0.000000,71.099199,163.616426,242.587982,314.462088,373.522111,315.624635,236.459523,134.104175,99.485134,48.907387,98.302127,190.971984,256.383123,312.309918,407.150277,323.610119,249.032802,188.362027,149.062900,152.208607,152.078569,194.941852,289.176414,366.622063,398.251846,334.181802,283.372688,250.348854,218.030438,220.403981,211.117946,262.391372,340.895264,383.388451,436.238614,358.535156,317.340899,296.692431,269.283514,301.566390,288.395106,341.921093,397.502393,431.357746,514.161523,451.309900,405.786649,380.504065,377.522260,373.183428,392.290817,402.204715,439.854963,500.114053,530.929031,471.674757,460.377582,446.789557,416.923381,430.429356,435.299371,501.570476,517.511883,556.622931
