node_id,0,1,2,3,4,5,6,7,8,9,10,11,12,13,14,15,16,17,18,19,20,21,22,23,24,25,26,27,28,29,30,31,32,33,34,35,36,37,38,39,40,41,42,43,44,45,46,47,48,49,50,51,52,53,54,55,56,57,58,59,60,61,62,63,64,65,66,67,68,69,70,71,72,73,74,75,76,77,78,79,80,81,82,83,84,85,86,87,88,89,90,91,92,93,94,95,96,97,98,99
0,0.000000,46.948261,150.125820,222.309903,266.225737,341.667283,451.614696,539.914260,586.528267,676.752257,119.368863,112.759229,187.522018,220.800136,309.777590,377.421411,462.359755,525.061083,598.174654,700.941073,162.986577,193.432906,244.331448,289.208787,362.825354,401.994419,506.473635,557.249374,614.297644,719.254379,264.383662,268.886578,278.700602,365.592776,419.626836,449.017864,514.841646,568.828607,677.688448,722.051579,311.829052,339.971680,377.028039,393.858620,457.850336,478.819621,556.120181,649.125009,690.577807,767.339339,404.590149,428.005339,419.867889,460.512687,493.264126,558.747842,609.629699,690.584744,753.521814,792.690748,449.934725,501.842497,501.023120,554.064244,572.816752,617.267976,683.834948,718.094587,770.226236,832.471302,548.099503,550.927887,590.511706,606.464276,630.974854,680.102312,733.692731,775.325616,842.492164,921.242663,640.013904,650.036060,642.305105,648.518002,716.992388,748.148025,783.541538,831.880658,906.657908,952.377329,713.275625,689.367315,724.829146,748.566999,773.502631,831.365101,848.136977,902.947513,970.338045,1002.920954
1,46.948261,0.000000,103.597313,175.625403,221.267303,296.191415,406.193227,493.885409,540.583574,631.116185,126.132314,73.135989,145.160855,174.326313,262.848543,330.489243,415.508155,478.233308,551.488149,654.201891,154.452922,168.694040,205.211428,246.648047,317.314282,355.743134,459.695085,510.328416,567.357505,672.324222,253.706140,248.929836,246.371660,326.389949,377.101338,404.099289,469.936782,522.571712,630.979779,675.255582,304.474230,315.646682,349.592504,359.008160,418.420577,436.388929,511.967973,603.928328,645.175632,721.090523,389.636915,408.421103,392.492604,427.547267,455.428255,519.443824,566.647144,646.459740,709.282594,747.565581,435.634947,480.717350,473.325071,523.116125,536.985774,577.656753,642.859522,675.994168,726.897627,787.860012,533.240974,530.781296,567.234905,577.207341,598.087487,644.856033,695.649908,734.374333,800.988340,877.908833,627.037789,632.256783,618.048077,620.785819,685.898731,714.043568,747.081344,791.902494,865.474833,910.481859,700.030408,670.691300,702.769433,722.423055,741.848310,798.101263,812.624900,864.381020,930.380330,962.625755
2,150.125820,103.597313,0.000000,72.249396,120.134686,193.534495,303.415550,390.427479,437.177361,527.958861,197.548136,80.274933,90.952709,82.785548,160.691992,228.226270,312.513754,375.126358,448.058076,550.852807,196.529643,171.916035,153.146578,174.481514,227.101490,260.604997,360.249240,409.235022,465.817297,569.799945,276.059445,250.511655,213.467541,263.245141,299.250328,315.416839,380.570996,426.332810,531.724434,575.288397,329.333693,299.557862,322.671007,309.271551,351.079769,357.627548,425.402264,512.396622,552.584020,624.364430,392.408789,399.109416,363.465677,380.882296,392.556793,450.396481,484.115640,559.051982,621.136865,655.800360,437.882059,464.750684,440.297353,479.621767,478.743848,506.745911,566.715477,595.757830,642.038983,698.007040,530.971783,515.784917,543.419632,537.273073,547.526197,586.694051,628.454764,657.617399,722.028767,792.440741,627.009700,620.769546,590.649493,584.179758,639.107049,658.397297,684.213858,717.921440,787.256762,829.763381,698.101612,656.339361,679.542525,688.462680,692.824108,744.019831,751.999010,794.351423,855.756288,886.821532
3,222.309903,175.625403,72.249396,0.000000,60.522507,125.362632,234.043358,319.313250,366.166921,457.421850,257.088650,137.983760,103.578234,48.784703,89.261498,156.419930,240.288230,302.879794,375.873944,478.632651,243.478298,201.486686,144.892153,140.962842,168.030690,195.268901,290.168374,337.898303,394.168077,497.673739,305.547071,269.029239,211.215903,229.669079,249.884460,255.298277,318.790512,358.469222,461.400930,504.465267,357.201553,301.873087,315.449193,284.596149,309.370174,305.637222,365.475274,447.768744,486.966024,555.584283,403.056833,401.086524,352.508145,355.385388,353.352598,404.692461,426.871700,497.351307,558.561043,590.438011,446.531093,459.734438,423.396237,453.636764,441.216704,458.606433,513.734307,539.352867,581.830323,633.897797,533.978115,510.129032,530.757752,512.756673,514.722847,547.458447,581.810017,603.441778,665.825749,731.199501,629.753810,615.553387,574.468812,561.310084,607.816506,620.223353,640.344175,665.452361,731.297384,771.821255,698.488905,648.533997,665.047175,666.053084,659.243985,706.198841,709.257849,744.376555,802.130690,832.222926
4,266.225737,221.267303,120.134686,60.522507,0.000000,76.063423,185.566099,275.205643,321.390352,410.825351,314.347443,194.855723,163.677476,104.776149,81.210905,134.823822,208.834949,269.101497,338.339115,441.179731,303.532723,261.800147,198.898529,182.789294,180.909061,194.223937,271.585139,312.719779,366.345882,464.864473,365.454816,327.399986,264.778767,265.675927,270.301410,260.891475,319.325029,345.209718,439.125352,479.831176,416.731088,355.274769,364.698563,324.897309,335.528192,320.839055,367.960969,440.421686,477.091103,537.436909,458.307492,453.224921,399.329527,393.480261,380.685793,424.626356,432.266746,494.771113,553.823134,580.132394,500.828305,508.268213,465.923794,489.841692,468.420550,475.008771,523.657927,544.444137,580.848152,625.750160,585.601656,557.949777,574.690102,549.332915,544.999574,571.797020,598.405441,610.924075,670.103440,727.505037,680.814634,662.946098,615.991078,598.587980,638.454280,644.878335,659.353351,674.616047,735.488745,772.997284,748.232332,694.411747,707.031177,702.907468,687.623121,730.566323,728.922348,756.030528,809.020645,837.710651
5,341.667283,296.191415,193.534495,125.362632,76.063423,0.000000,110.001822,199.143392,245.352826,335.092681,382.075289,263.285949,218.489388,155.779353,74.424788,82.985471,138.782110,196.236603,263.347630,365.942526,364.574284,315.019404,236.329455,202.747434,163.649817,157.662588,210.073049,244.692139,295.825150,391.179611,414.211404,370.344232,297.639863,269.706836,252.915809,225.856157,275.289145,286.340688,371.535240,410.378963,462.862239,384.709339,385.537438,332.082009,321.974115,293.892513,324.313676,385.092842,418.922765,471.990605,490.034876,477.832812,414.774519,394.755415,366.927594,399.815744,390.096319,443.168021,499.427805,520.542866,529.605061,524.675553,472.421223,485.843764,452.027358,444.614701,484.786181,499.975743,529.751376,567.654661,607.269838,572.277137,581.747083,544.833724,531.361625,549.687861,566.218766,568.204376,623.432787,672.690191,700.364839,675.272703,618.427039,594.448434,624.010442,622.225552,629.380166,633.084671,688.226492,722.495828,764.496461,703.616862,709.279644,696.929181,669.494243,706.666933,699.083463,716.579181,764.068151,791.144907
6,451.614696,406.193227,303.415550,234.043358,185.566099,110.001822,0.000000,92.061086,136.757822,225.261833,488.834392,371.150272,319.861774,258.200016,163.132695,116.418136,83.470070,111.996143,163.789723,263.383435,466.993171,412.537559,324.989517,280.076394,209.754466,178.195143,163.409595,173.358657,212.437767,294.348775,506.003198,457.966418,378.951832,323.800338,282.069370,232.307529,258.002074,235.964032,293.424165,325.992014,551.386648,458.924987,450.663202,384.726785,348.988796,303.931756,302.563924,335.503169,361.563002,396.291626,563.535675,543.881544,472.607947,436.413484,390.189209,404.535313,366.174436,398.459862,447.057033,456.819396,598.999958,579.936880,517.200188,516.435908,466.641468,437.955096,462.004326,466.617702,482.968488,505.972526,666.899873,623.797617,623.892748,572.691061,546.789393,551.866896,551.875872,535.810380,582.545194,615.591344,755.825056,722.144849,653.636584,621.368264,635.526142,621.458266,616.898190,601.134204,644.974784,672.759445,814.936788,745.982053,742.358651,718.941055,674.466336,702.056463,685.257225,686.520681,723.702316,747.544605
7,539.914260,493.885409,390.427479,319.313250,275.205643,199.143392,92.061086,0.000000,46.904323,138.876366,569.090820,453.813649,396.291490,337.081910,239.590321,178.710807,100.697748,66.125900,76.790113,171.994193,542.195469,483.612357,390.925945,339.974862,256.109573,213.515189,144.930668,122.812810,140.506991,205.938800,570.197686,519.292168,437.182009,364.018495,307.085983,246.201149,247.814890,197.342194,221.160399,246.736392,611.860986,508.870441,493.399234,420.235013,366.477632,311.558858,283.099221,287.731284,305.125262,322.421790,610.407006,584.783839,508.656192,460.705295,401.947508,400.121589,339.561462,351.560657,391.516577,391.366591,641.625413,610.862835,541.052927,528.559359,467.403417,422.158839,431.360283,426.720444,431.051239,441.048598,699.835266,650.586088,642.734812,580.814041,545.294873,539.125033,525.263375,494.488860,533.006282,552.374316,783.759203,743.150287,665.980319,627.455091,628.368314,604.362147,590.134846,558.562083,592.325231,614.512763,837.708414,762.740765,751.254580,718.884855,660.988410,680.062577,655.944053,643.860956,672.178449,693.156911
8,586.528267,540.583574,437.177361,366.166921,321.390352,245.352826,136.757822,46.904323,0.000000,92.177423,615.807245,500.697307,442.753310,383.823882,286.315829,224.564051,143.410669,94.888501,58.783105,133.566786,588.352194,529.205639,435.846736,383.978860,298.090059,253.843041,171.775416,135.191252,132.706784,173.347829,614.289094,562.860154,480.325377,403.025361,342.318932,279.296224,271.543488,209.476519,207.221377,224.878624,655.000510,549.593420,532.125884,457.284754,398.113685,340.582006,301.228080,289.857035,300.864352,303.948073,649.840046,622.479288,545.202375,493.631740,430.910587,422.421621,352.430403,352.461831,385.927390,378.610912,679.638839,645.096828,573.165668,556.270464,491.013031,438.828109,440.243523,430.437373,427.241708,427.993430,734.388665,683.138122,672.318906,606.471094,567.104456,555.795713,535.080039,496.419557,529.477355,539.448432,816.204001,773.104514,692.836226,651.926853,646.926386,618.318762,599.243226,559.065174,586.276322,604.590386,868.012847,790.932400,776.244226,740.128435,676.307321,690.988904,663.172028,643.611908,666.290148,685.300841
9,676.752257,631.116185,527.958861,457.421850,410.825351,335.092681,225.261833,138.876366,92.177423,0.000000,707.951178,592.582191,534.922105,475.950461,378.450331,316.563112,234.009140,179.229803,112.796942,97.669819,680.402096,620.896420,527.039473,474.413899,386.877166,341.370689,248.218080,199.726988,170.437120,146.870693,704.534744,652.595490,569.722955,487.983847,423.277014,358.709206,339.564833,265.399681,219.941523,218.238329,744.154687,636.036256,616.112969,539.494662,473.778790,413.692609,360.403781,324.479544,323.469510,297.753106,734.378941,704.774269,626.263104,570.076897,502.478214,484.438644,401.751706,381.688762,401.741350,380.505391,762.189859,722.463742,647.876034,624.630569,553.901881,491.810861,480.373190,461.854675,444.945304,427.357495,811.860216,757.875128,742.657440,671.245474,626.232618,606.751432,574.784119,522.892558,544.986690,536.034247,890.244662,843.493985,758.833891,714.462285,699.918535,663.896289,636.679957,581.592964,595.770653,606.049698,938.569756,858.486921,838.766889,796.767858,723.556686,730.475217,696.402274,663.330245,674.819147,689.673582
10,119.368863,126.132314,197.548136,257.088650,314.347443,382.075289,488.834392,569.090820,615.807245,707.951178,0.000000,119.500274,174.568253,232.016658,329.501645,393.104486,478.940700,540.764903,616.126829,716.034763,58.305866,117.910500,205.022766,260.655780,349.196460,394.682768,505.117772,560.347739,617.963617,726.535479,152.606586,171.317817,210.578634,314.640838,381.713217,425.826478,489.245445,555.956501,670.795362,716.848368,195.685222,246.788774,288.987317,325.325926,403.377291,437.965392,523.622907,622.861040,665.496527,750.861458,294.278146,323.501853,330.103403,383.606914,431.247959,500.707121,568.349299,655.129063,717.936623,763.615203,338.274697,398.450791,409.857397,469.434166,501.765067,559.234527,630.666902,669.985326,728.374746,798.688232,436.147455,445.453197,489.469134,516.931710,550.108799,605.365103,667.656342,720.762390,789.812075,877.804306,525.816637,540.655415,542.395908,555.141282,630.415546,669.181095,711.418594,772.356375,851.818926,900.650145,599.048011,580.848686,620.726271,651.142559,687.751381,749.277267,772.381385,837.117378,909.519869,943.309834
11,112.759229,73.135989,80.274933,137.983760,194.855723,263.285949,371.150272,453.813649,500.697307,592.582191,119.500274,0.000000,75.170632,118.888220,215.270449,281.324261,367.601020,430.217477,505.040388,606.552693,117.137658,105.718490,132.385368,176.611900,253.648743,295.269935,402.957675,456.024317,513.632841,620.761556,203.916902,187.827178,174.526079,253.716721,306.931802,338.237717,403.912102,461.416142,572.823981,617.993230,257.000600,248.813909,280.032747,286.020383,345.886982,366.093688,444.212613,538.517824,580.328572,659.513057,331.038912,344.883835,322.735454,354.948756,382.432535,446.892360,497.003530,578.571517,641.582271,681.840875,377.157639,415.252809,403.063863,451.120230,463.854083,505.250782,571.250231,605.335551,657.694651,720.882483,473.315791,465.890436,499.669787,505.893264,525.385021,571.745970,622.741429,662.758065,729.795973,808.692281,568.467089,569.010406,549.634248,550.196534,613.706111,641.053013,673.960236,719.707451,794.035807,839.632301,640.845245,606.512657,635.753674,652.599637,669.436337,725.246955,739.494156,791.629282,858.188513,890.616730
12,187.522018,145.160855,90.952709,103.578234,163.677476,218.489388,319.861774,396.291490,442.753310,534.922105,174.568253,75.170632,0.000000,62.710330,157.452044,218.976677,304.519873,366.212164,441.590464,541.519388,147.134015,98.219902,64.425259,101.724248,179.991612,223.238056,332.605320,387.009700,444.704564,552.857283,201.972899,167.253249,122.523228,182.803663,232.210098,263.391811,328.963792,388.211782,500.930968,546.499257,253.785629,209.595078,231.718313,222.255955,274.208606,291.460669,369.042436,463.630620,505.558563,585.810851,305.691551,309.455017,272.607676,293.311610,312.729461,375.132622,422.121002,503.404170,566.412225,606.845143,350.488074,374.033546,349.973837,391.546196,396.560944,433.070529,497.724015,530.962929,582.707239,645.729541,441.899479,425.054345,452.516594,448.461951,462.047722,504.787491,552.145377,589.234840,655.838476,733.721885,538.015059,530.169824,499.991272,494.767911,552.494001,575.397118,605.156232,647.022216,720.314581,765.405674,608.575875,565.511980,588.684627,598.745791,607.106382,660.454213,671.735102,720.294904,785.477515,817.603122
13,220.800136,174.326313,82.785548,48.784703,104.776149,155.779353,258.200016,337.081910,383.823882,475.950461,232.016658,118.888220,62.710330,0.000000,97.510090,162.549185,248.830406,311.377190,386.306136,487.677381,209.302086,159.997374,96.132516,97.147774,145.117853,181.509206,286.074782,338.049002,395.517121,502.170530,261.881343,222.645396,162.468004,187.067085,217.038354,233.249820,298.710667,348.293064,457.024160,501.624064,312.530571,253.150157,266.912017,239.111008,271.445511,275.094718,342.967495,431.482340,472.193077,546.801816,354.748727,352.305522,304.424836,310.468010,314.172852,369.547787,401.344272,476.891441,539.187891,575.092508,397.991749,411.207915,376.459785,409.158236,401.409689,425.237623,484.217974,512.977171,559.501620,616.594001,485.193699,461.694304,483.215120,467.937193,472.896898,508.718528,547.531416,575.000856,639.264444,710.041626,580.972126,567.149001,527.627147,516.084240,565.515178,581.030378,604.338039,635.572421,704.510580,746.984858,649.767107,600.415167,617.964400,620.826271,617.951577,666.916923,672.634520,712.568523,773.260672,804.205178
14,309.777590,262.848543,160.691992,89.261498,81.210905,74.424788,163.132695,239.590321,286.315829,378.450331,329.501645,215.270449,157.452044,97.510090,0.000000,67.646788,153.139198,215.949633,290.201042,392.328408,304.368833,249.479978,164.746752,128.349523,101.264612,113.656992,201.237377,248.682236,305.130612,409.476856,344.870065,298.950683,224.112142,198.113137,191.783729,179.721166,239.051123,271.135855,372.257070,415.209307,392.067692,310.447892,311.262832,259.989113,258.899358,240.299477,287.398653,363.313750,401.340290,467.190086,415.831810,403.435816,341.182561,324.885697,304.223913,344.836423,351.343715,415.827472,475.779520,504.778113,455.206263,451.124321,401.064693,418.483291,391.279770,394.298439,442.455340,463.667143,501.502811,549.327122,533.126197,499.167985,510.465987,477.860269,469.141576,493.022838,517.588119,529.892550,589.549047,649.238412,626.520062,602.722943,548.750196,527.419790,562.453160,566.060185,578.902267,593.474179,654.986915,693.195969,691.211986,631.893706,639.811552,630.935635,610.302054,651.503433,648.545963,674.819799,728.126737,757.026789
15,377.421411,330.489243,228.226270,156.419930,134.823822,82.985471,116.418136,178.710807,224.564051,316.563112,393.104486,281.324261,218.976677,162.549185,67.646788,0.000000,86.283827,148.926140,223.757040,325.332774,363.842558,304.915634,213.031295,164.832758,95.651428,76.660143,137.043704,181.726662,237.753367,341.835159,393.470689,343.945432,263.610594,209.492087,177.884313,143.766519,192.499996,210.458420,306.534573,348.747909,437.211070,342.515782,334.829424,271.382561,247.133721,213.378877,241.576762,306.726537,342.606003,403.334003,447.134810,428.126534,358.314949,327.669594,291.128962,319.072112,307.283677,362.931693,420.682266,445.461562,482.897938,466.763226,407.593790,413.867449,374.026330,362.330420,401.818743,417.621468,449.425367,491.401646,552.716256,511.994923,515.895768,471.984900,454.003200,469.092989,483.501972,485.618324,541.699608,594.345890,643.014756,612.391900,549.143712,521.417787,545.853837,541.274484,546.882764,550.380684,606.707525,642.106627,703.976082,638.244229,639.266542,622.339626,589.816380,625.237813,616.546501,633.707567,682.011880,709.496492
16,462.359755,415.508155,312.513754,240.288230,208.834949,138.782110,83.470070,100.697748,143.410669,234.009140,478.940700,367.601020,304.519873,248.830406,153.139198,86.283827,0.000000,62.811430,137.481695,239.206552,448.022359,387.351561,293.059038,240.616972,155.424176,113.363522,81.551028,106.083301,157.619861,257.641118,470.907219,419.461860,337.014280,264.158100,211.222671,154.905130,174.763493,156.997089,232.823892,271.763697,511.713705,408.221266,393.492494,321.665997,274.679126,225.044370,219.102928,257.456713,287.060132,333.808896,510.083932,485.397035,410.260288,366.270743,313.596805,322.953878,282.925181,319.220057,370.847989,386.238028,541.984238,514.348665,447.140482,440.617604,386.618985,354.775813,378.883094,384.915737,404.840169,434.439319,602.818560,555.740535,551.496062,495.470252,466.412746,469.228731,468.429440,454.146203,502.964717,542.087901,688.705379,651.067151,578.316951,543.537869,554.005442,538.396819,533.438928,519.548371,566.243615,596.294545,744.951481,672.834139,665.823712,639.337228,591.893640,618.690112,601.849466,604.757511,644.307199,669.137618
17,525.061083,478.233308,375.126358,302.879794,269.101497,196.236603,111.996143,66.125900,94.888501,179.229803,540.764903,430.217477,366.212164,311.377190,215.949633,148.926140,62.811430,0.000000,75.421908,176.423822,508.440050,446.658412,351.342723,297.244341,208.186603,162.226771,79.185446,63.399266,101.791941,195.863079,526.590254,474.172690,391.118092,309.354698,247.460678,184.473069,181.792180,134.378075,181.839419,216.572086,565.272009,456.947976,438.092994,362.672356,303.730792,247.211802,217.257190,229.593505,252.018106,284.623281,556.094295,527.961122,450.435048,398.970429,337.684866,334.065047,274.919199,293.438133,338.231569,345.238854,585.202397,550.263539,478.741853,463.848843,401.535752,356.356064,367.956942,366.079628,375.813084,394.557132,639.533744,588.626710,578.928173,515.445233,479.239105,473.238456,461.218087,434.610644,476.827807,504.690587,721.749881,679.571238,601.017471,561.813640,562.275605,538.935926,526.248583,499.340935,537.894637,563.440387,774.344801,698.322234,685.768296,652.812724,595.254578,615.409909,592.741132,584.851398,617.279501,639.852647
18,598.174654,551.488149,448.058076,375.873944,338.339115,263.347630,163.789723,76.790113,58.783105,112.796942,616.126829,505.040388,441.590464,386.306136,290.201042,223.757040,137.481695,75.421908,0.000000,102.979484,583.779867,521.744170,426.177019,371.584587,281.505251,234.736121,135.887780,87.503169,74.051770,130.582722,600.068586,547.224737,464.053801,377.726299,311.293370,246.484545,227.564839,157.490385,149.374955,170.872684,637.505884,526.478274,504.944526,427.680707,360.982618,301.001670,251.691271,232.136473,242.114617,248.212732,623.334144,592.784300,513.982663,457.279977,390.091461,374.959134,298.801632,294.269742,327.152643,320.858999,650.240082,609.670615,535.168475,513.135493,444.223345,386.963939,384.223446,372.722998,368.468534,370.384280,699.065266,645.195701,630.737981,561.007995,518.391005,503.426391,479.192594,438.217921,470.699469,481.899707,777.679546,731.620156,648.239296,605.183572,595.526258,564.206080,542.952176,500.587335,527.562271,546.370229,826.697306,747.437469,729.620824,690.444655,622.822677,635.300392,606.137142,585.010132,607.579014,626.782978
19,700.941073,654.201891,550.852807,478.632651,441.179731,365.942526,263.383435,171.994193,133.566786,97.669819,716.034763,606.552693,541.519388,487.677381,392.328408,325.332774,239.206552,176.423822,102.979484,0.000000,681.573977,618.262052,522.066582,466.353278,374.968417,327.665605,219.820375,163.186245,112.360682,49.216075,691.571488,637.964987,555.017345,461.648468,390.383417,325.922178,290.600771,208.339716,131.936270,121.997511,726.040485,610.506853,584.689463,505.676120,429.868320,367.993352,299.699808,243.940839,235.469684,200.503589,702.595233,668.308784,588.431485,525.035000,451.647769,422.242218,329.632775,295.665179,308.914600,283.962939,725.587939,676.559189,598.734139,567.047025,491.092039,420.405884,399.045199,375.418805,352.295777,330.202287,765.175002,707.365693,686.082155,608.692251,558.258887,531.591706,491.756929,433.106518,450.777768,438.450449,837.492538,786.027285,696.698694,648.919149,625.402405,583.917952,551.610794,489.617834,499.774799,508.762480,880.621705,797.325766,772.073252,724.616506,644.265858,645.916993,608.546172,569.890453,578.431087,592.612101
20,162.986577,154.452922,196.529643,243.478298,303.532723,364.574284,466.993171,542.195469,588.352194,680.402096,58.305866,117.137658,147.134015,209.302086,304.368833,363.842558,448.022359,508.440050,583.779867,681.573977,0.000000,66.582921,161.402046,218.063450,309.088684,355.819502,466.474064,522.679128,579.880345,688.920346,101.417974,113.313231,155.970402,262.481922,332.287156,380.490276,442.241014,512.474247,628.390956,674.717337,150.363115,188.624866,230.681950,268.838751,349.159249,386.925610,474.158570,574.499168,617.227557,704.773512,241.984725,268.113099,271.864967,325.708214,375.260439,445.127579,516.168371,603.999812,666.503438,713.738688,287.085565,342.825615,351.793872,411.129842,444.201247,503.431873,575.546654,615.772404,675.369565,747.434712,385.264205,390.726076,433.252350,458.833709,491.828592,547.340116,610.401867,665.151598,734.403839,824.065662,477.041403,488.034108,485.940989,497.460351,572.200353,610.919873,653.508489,715.839884,795.932553,845.233884,550.297770,527.758587,565.658902,594.220767,629.517775,690.972837,714.212867,779.708416,852.662775,886.587212
21,193.432906,168.694040,171.916035,201.486686,261.800147,315.019404,412.537559,483.612357,529.205639,620.896420,117.910500,105.718490,98.219902,159.997374,249.479978,304.915634,387.351561,446.658412,521.744170,618.262052,66.582921,0.000000,96.349471,152.789294,244.282512,291.339270,401.739986,458.223490,515.160514,624.245781,105.165990,82.116319,93.057251,197.071554,265.903336,314.023172,375.658266,446.221734,562.295489,608.660160,158.066206,147.266586,183.632615,209.034390,285.476315,321.056405,407.846164,508.021311,550.744585,638.194968,225.339163,240.276529,226.443420,270.974707,314.090268,383.184249,450.904996,538.247127,600.895692,647.583956,271.448037,312.060691,307.599127,361.837330,387.214355,441.816677,512.891414,552.074865,610.660918,681.762239,367.685012,362.252818,398.758951,413.276652,440.306721,492.595710,552.005692,603.168054,672.110673,759.938159,462.754709,464.417742,449.925419,455.085121,524.555977,558.597943,597.820606,655.460824,734.353240,782.936693,535.178761,502.448659,534.116942,555.397917,581.375074,640.595927,660.407296,721.682634,793.003603,826.597867
22,244.331448,205.211428,153.146578,144.892153,198.898529,236.329455,324.989517,390.925945,435.846736,527.039473,205.022766,132.385368,64.425259,96.132516,164.746752,213.031295,293.059038,351.342723,426.177019,522.066582,161.402046,96.349471,0.000000,56.661523,147.959053,194.989799,305.427568,361.877903,418.854900,527.936908,181.022340,134.239183,66.338355,121.354733,179.259608,220.824974,284.364811,351.685563,467.267683,513.537514,227.330390,157.036506,172.435067,157.832072,213.577517,237.459763,320.202045,418.376584,460.919903,545.851998,259.409343,256.218436,211.717685,228.927938,250.271815,314.551379,368.836781,453.261772,516.317404,560.020806,302.142958,316.447887,287.317345,327.282506,332.943213,372.985154,439.769862,475.148806,529.740897,596.597901,389.137820,367.214490,391.615959,384.459840,397.672211,441.115661,490.438556,531.204968,598.722707,680.407162,484.989029,472.673529,437.987499,431.108431,488.072463,511.394811,542.293790,587.556636,662.623292,708.930016,554.111729,506.822666,527.383549,535.328593,542.696548,596.303408,608.411809,659.248444,726.021411,758.591625
23,289.208787,246.648047,174.481514,140.962842,182.789294,202.747434,280.076394,339.974862,383.978860,474.413899,260.655780,176.611900,101.724248,97.147774,128.349523,164.832758,240.616972,297.244341,371.584587,466.353278,218.063450,152.789294,56.661523,0.000000,91.602839,138.823257,248.986706,305.561212,362.392712,471.477981,230.315158,179.498276,98.886585,89.938105,130.497485,165.608487,230.147567,295.415137,410.766579,457.000503,272.544753,182.273279,184.101036,143.799178,176.708954,189.766891,268.297212,364.706435,407.035230,490.475613,287.714653,275.465698,216.855550,214.422697,218.165435,276.647357,320.421945,402.373686,465.440042,507.241748,326.859225,326.305394,283.755681,312.757697,304.840317,333.777300,396.775693,429.346236,481.082752,545.141462,406.127170,375.559787,392.131870,371.814893,375.756611,412.525770,454.558335,488.228989,554.456575,632.081940,500.381949,480.336029,434.456263,420.349013,468.377413,484.547079,509.771343,546.796432,619.093254,663.838682,566.587760,511.622770,525.303596,525.090509,520.844715,570.343115,577.519916,621.483388,685.133942,716.957122
24,362.825354,317.314282,227.101490,168.030690,180.909061,163.649817,209.754466,256.109573,298.090059,386.877166,349.196460,253.648743,179.991612,145.117853,101.264612,95.651428,155.424176,208.186603,281.505251,374.968417,309.088684,244.282512,147.959053,91.602839,0.000000,47.303261,157.469060,213.967690,270.897333,379.978155,318.589561,265.991882,182.936994,114.152681,90.725256,88.330279,153.596988,208.240974,321.801764,367.728715,357.280313,253.173387,241.352820,175.767550,158.871339,140.187482,198.498617,286.731163,327.861561,405.927817,356.121032,334.390068,263.050868,233.100409,204.089685,243.794215,258.908325,331.951547,394.116827,430.390868,389.986117,371.177035,312.468510,322.320102,290.508799,294.399844,346.246674,371.341068,415.202892,471.512775,457.447811,416.357496,421.168276,381.217245,368.981785,391.758291,417.887331,435.541392,497.821703,565.400933,547.401786,517.043849,455.889202,430.826948,462.089426,464.796456,478.485981,497.915659,563.284519,604.184990,608.389683,543.464216,546.484498,533.313590,509.306866,550.261649,548.028449,577.732198,634.236338,664.212219
25,401.994419,355.743134,260.604997,195.268901,194.223937,157.662588,178.195143,213.515189,253.843041,341.370689,394.682768,295.269935,223.238056,181.509206,113.656992,76.660143,113.363522,162.226771,234.736121,327.665605,355.819502,291.339270,194.989799,138.823257,47.303261,0.000000,110.710094,166.909647,224.069171,333.101046,365.392380,312.490576,229.324584,150.801718,104.324837,68.503260,125.407188,166.838227,277.752634,323.261205,403.125229,295.778515,280.129516,209.053180,172.647515,136.764848,173.786149,252.544445,292.145972,365.356753,396.893347,372.120519,297.613867,258.219210,215.763168,242.561770,238.115630,302.857611,363.538711,395.516362,428.636216,403.146176,339.027640,340.191181,297.593075,287.095203,330.497127,350.220303,388.169868,438.641501,491.012512,446.069913,445.807724,397.609566,377.686543,392.571155,409.206963,416.867886,475.952265,536.593883,578.504137,543.952039,476.642628,446.833497,469.312888,464.883330,471.985432,480.843602,541.372095,579.609499,636.854548,567.987624,566.105140,546.884354,513.164245,549.100060,541.716843,562.965814,614.816350,643.505227
26,506.473635,459.695085,360.249240,290.168374,271.585139,210.073049,163.409595,144.930668,171.775416,248.218080,505.117772,402.957675,332.605320,286.074782,201.237377,137.043704,81.551028,79.185446,135.887780,219.820375,466.474064,401.739986,305.427568,248.986706,157.469060,110.710094,0.000000,56.909691,113.428877,222.509361,471.844594,418.170604,335.292138,243.335239,175.441002,110.597075,103.056080,76.814973,171.487247,215.586202,506.395108,392.415168,369.449521,291.857205,226.851528,168.809133,141.929567,177.011198,209.016108,266.373497,487.855510,456.901460,378.122741,322.834789,259.177513,255.349682,203.577462,238.008725,291.060424,310.503561,514.360473,474.918862,401.802982,384.939472,322.473506,280.394412,298.982965,303.506848,323.958734,357.620001,564.322954,511.857938,500.574761,436.270979,400.492517,396.685551,390.031695,372.735422,421.539459,463.493862,644.800595,601.340258,521.957431,482.642074,484.558644,463.867904,455.172395,438.120733,485.016650,515.950035,696.238447,619.520972,606.582856,574.105303,519.134992,542.270523,522.962291,523.397792,562.889330,587.971876
27,557.249374,510.328416,409.235022,337.898303,312.719779,244.692139,173.358657,122.812810,135.191252,199.726988,560.347739,456.024317,387.009700,338.049002,248.682236,181.726662,106.083301,63.399266,87.503169,163.186245,522.679128,458.223490,361.877903,305.561212,213.967690,166.909647,56.909691,0.000000,57.698309,166.323834,528.692157,474.971935,392.148292,298.848882,228.910831,163.971198,140.065288,75.151684,126.863866,167.283991,562.855750,447.880489,423.480120,345.089346,274.744680,214.135261,166.151107,166.513397,188.802811,227.819594,541.771362,509.351498,429.962699,371.042962,302.763237,288.337697,218.262061,230.429840,274.903436,283.679433,566.811638,523.495404,448.282830,425.644761,357.391945,303.700393,308.771056,304.235837,312.426297,332.693254,612.821887,558.229580,543.249602,473.846465,432.499087,420.721354,402.976056,372.374536,413.541718,442.250612,690.523453,644.128228,560.929286,518.415495,511.735225,484.003882,467.704203,436.835583,474.498210,500.257682,739.206658,660.000196,642.848919,605.226833,541.573581,558.244779,533.214122,522.290165,553.904706,576.462831
28,614.297644,567.357505,465.817297,394.168077,366.345882,295.825150,212.437767,140.506991,132.706784,170.437120,617.963617,513.632841,444.704564,395.517121,305.130612,237.753367,157.619861,101.791941,74.051770,112.360682,579.880345,515.160514,418.854900,362.392712,270.897333,224.069171,113.428877,57.698309,0.000000,109.085650,583.554888,529.629087,447.169259,350.878304,278.677741,214.689091,178.637217,97.870556,81.591707,114.928186,616.277901,499.326231,472.665588,393.531645,317.683378,255.866310,191.997550,158.925950,168.200739,184.264015,590.419767,555.948868,476.071561,413.123740,340.712639,316.000443,231.388954,220.439806,253.645064,250.859763,613.228029,564.976182,487.706266,458.803101,385.420266,321.375861,312.828583,299.302177,294.634858,300.541775,653.825683,596.846298,577.618910,503.103811,456.320930,436.474910,407.753244,364.334372,396.890019,411.887290,727.796093,678.079697,590.997113,545.299985,529.525712,494.808482,470.944150,426.551822,454.346910,474.650660,772.987237,691.200462,669.383192,626.378202,554.091039,563.889878,533.265297,510.959894,534.354658,554.205832
29,719.254379,672.324222,569.799945,497.673739,464.864473,391.179611,294.348775,205.938800,173.347829,146.870693,726.535479,620.761556,552.857283,502.170530,409.476856,341.835159,257.641118,195.863079,130.582722,49.216075,688.920346,624.245781,527.936908,471.477981,379.978155,333.101046,222.509361,166.323834,109.085650,0.000000,691.702927,637.671162,555.519488,457.290159,383.779361,321.097620,277.385497,193.859979,96.212517,75.506336,723.263660,604.744668,576.006212,496.585037,416.211341,354.516254,278.624299,210.122116,195.594644,151.957702,692.745594,656.163431,576.200667,509.407851,433.590742,397.686784,300.084949,256.462328,264.116501,236.010962,712.980784,659.136171,580.056211,543.733201,465.332749,389.985620,362.169594,335.106258,307.427761,281.612375,746.800583,687.163854,662.545183,582.131743,528.770982,497.805498,453.089287,390.047441,404.438582,389.398147,815.409579,761.494142,669.884202,620.344391,591.519600,546.802396,511.331360,444.822500,452.032905,459.985972,855.464019,770.636719,742.277106,691.768120,607.350371,605.678643,566.271660,523.927590,530.348664,544.006297
30,264.383662,253.706140,276.059445,305.547071,365.454816,414.211404,506.003198,570.197686,614.289094,704.534744,152.606586,203.916902,201.972899,261.881343,344.870065,393.470689,470.907219,526.590254,600.068586,691.571488,101.417974,105.165990,181.022340,230.315158,318.589561,365.392380,471.844594,528.692157,583.554888,691.702927,0.000000,54.161028,136.556231,238.020920,313.047498,371.695994,425.885178,504.147232,620.380635,666.638632,53.316573,114.517984,159.304441,220.518243,309.360588,358.991242,448.791995,550.349494,592.576174,685.393915,141.702018,172.635759,194.358042,260.962559,324.685409,394.791055,479.772753,569.870730,630.316706,682.410882,186.134899,247.519070,268.862751,333.496348,379.967944,450.528962,525.051475,569.024017,633.008022,710.923392,284.256465,293.405295,339.215986,375.072218,415.978386,476.313748,546.449311,610.967910,680.597806,777.207094,375.630703,388.105712,392.473959,409.527570,489.540018,534.723754,583.012024,656.012495,739.129108,790.544396,448.892107,428.246683,468.754047,502.105965,546.949538,611.002305,639.592192,713.187550,789.744116,824.360568
31,268.886578,248.929836,250.511655,269.029239,327.399986,370.344232,457.966418,519.292168,562.860154,652.595490,171.317817,187.827178,167.253249,222.645396,298.950683,343.945432,419.461860,474.172690,547.224737,637.964987,113.313231,82.116319,134.239183,179.498276,265.991882,312.490576,418.170604,474.971935,529.629087,637.671162,54.161028,0.000000,83.179039,184.057253,259.038122,317.541347,371.921740,449.994683,566.250507,612.521494,93.421597,75.602016,118.972761,170.367305,257.946466,305.858202,395.616295,497.226924,539.576103,631.933975,143.331352,159.665857,159.056169,217.878197,276.266769,346.703215,428.412506,518.289800,579.252850,630.514421,189.397596,232.989208,238.540076,298.890785,337.393718,403.540676,477.495615,520.432297,583.361892,660.052565,285.610286,282.406564,321.909395,345.615108,380.310775,437.722869,504.283153,564.884449,634.510100,729.015251,380.640344,383.327145,374.114107,384.211961,459.200135,499.517514,544.332885,612.219703,694.246405,744.936649,453.075098,421.857053,455.943204,481.657255,516.573357,578.598620,603.486738,672.572598,747.497406,781.840751
32,278.700602,246.371660,213.467541,211.215903,264.778767,297.639863,378.951832,437.182009,480.325377,569.722955,210.578634,174.526079,122.523228,162.468004,224.112142,263.610594,337.014280,391.118092,464.053801,555.017345,155.970402,93.057251,66.338355,98.886585,182.936994,229.324584,335.292138,392.148292,447.169259,555.519488,136.556231,83.179039,0.000000,108.126404,181.285171,236.645607,293.811282,369.668104,486.192063,532.585799,174.702599,90.707956,109.240213,116.581338,193.210476,232.864136,321.559655,422.849642,465.516274,555.777444,193.920852,189.983760,150.638434,181.830174,221.039922,290.180840,360.720066,449.195695,511.393015,559.903239,236.050709,251.863835,229.558097,276.753055,295.542327,348.781678,420.106707,459.865710,519.482505,592.381512,322.927862,302.831326,330.239587,331.398085,352.369724,401.985058,459.437867,510.209042,579.233580,668.099619,418.855995,408.123979,378.368242,376.093860,439.533901,469.481322,506.429172,562.425812,641.340013,690.071512,488.315468,443.105430,466.508415,479.133613,495.585078,552.711902,570.030756,629.148017,700.041991,733.588328
33,365.592776,326.389949,263.245141,229.669079,265.675927,269.706836,323.800338,364.018495,403.025361,487.983847,314.640838,253.716721,182.803663,187.067085,198.113137,209.492087,264.158100,309.354698,377.726299,461.648468,262.481922,197.071554,121.354733,89.938105,114.152681,150.801718,243.335239,298.848882,350.878304,457.290159,238.020920,184.057253,108.126404,0.000000,75.050855,136.284199,187.870387,266.892616,382.713144,428.863897,266.073186,149.087622,129.383833,62.529050,92.258407,124.789991,213.499799,314.910072,357.534694,448.524458,246.820367,221.432086,148.900144,127.844633,130.070530,193.197992,253.835847,341.559539,404.021516,451.872560,277.836126,257.406138,202.973779,224.640850,215.500807,251.675278,319.358753,356.391088,413.748686,484.956888,343.304493,303.498527,312.376629,284.040349,285.830837,323.520932,369.445022,410.607221,478.621079,563.458128,433.696223,405.692985,351.160925,333.101499,378.547732,395.158452,422.541907,466.316546,542.096638,589.145174,495.795358,433.994589,442.272238,437.624005,430.907182,480.829989,489.556607,537.991361,604.757291,637.438112
34,419.626836,377.101338,299.250328,249.884460,270.301410,252.915809,282.069370,307.085983,342.318932,423.277014,381.713217,306.931802,232.210098,217.038354,191.783729,177.884313,211.222671,247.460678,311.293370,390.383417,332.287156,265.903336,179.259608,130.497485,90.725256,104.324837,175.441002,228.910831,278.677741,383.779361,313.047498,259.038122,181.285171,75.050855,0.000000,65.012590,112.919338,192.185582,307.737837,353.847554,340.455165,220.982622,194.579611,116.426444,69.350571,59.290963,141.987025,242.317326,285.049571,374.496327,312.864533,281.521469,203.158639,155.171274,114.023868,155.178787,190.154396,274.063521,337.094653,381.921141,338.962995,303.799283,236.104873,236.190471,199.815068,208.839091,267.634387,298.938642,351.010191,417.501849,392.756098,344.522989,341.870213,294.108884,278.585825,301.527112,331.929114,358.816454,424.366096,501.921487,477.529801,440.600478,372.342118,343.533612,371.531912,374.605532,390.835451,418.674401,489.222953,533.468149,534.068273,463.913412,461.955209,444.770356,418.590860,460.265069,460.038077,495.636967,556.604115,587.920492
35,449.017864,404.099289,315.416839,255.298277,260.891475,225.856157,232.307529,246.201149,279.296224,358.709206,425.826478,338.237717,263.391811,233.249820,179.721166,143.766519,154.905130,184.473069,246.484545,325.922178,380.490276,314.023172,220.824974,165.608487,88.330279,68.503260,110.597075,163.971198,214.689091,321.097620,371.695994,317.541347,236.645607,136.284199,65.012590,0.000000,65.839585,133.125135,249.683242,296.110214,402.166081,284.676322,259.520885,181.405545,120.489757,71.928828,110.292122,200.281046,242.174428,325.035192,377.849021,346.316522,267.558261,214.665659,158.728882,176.073042,172.184934,243.660777,305.960493,343.707802,403.780359,365.801051,294.857741,285.715266,234.860738,218.758558,262.810970,284.747947,326.955593,383.847119,455.098851,404.494946,397.333004,340.895579,315.156522,325.928129,340.705690,350.322005,411.056423,477.072491,537.667069,497.393940,423.412009,389.289053,405.329834,397.788515,403.569071,413.757449,476.553343,516.528428,591.740246,518.259059,511.076498,486.716221,447.363508,481.515510,473.290447,495.256390,548.767287,578.093804
